(0,44.3075,32.4620)
(1,69.4390,44.8486)
(2,69.9625,43.8524)
(3,68.2794,46.6787)
(4,72.2149,52.8167)
(5,72.4161,51.6220)
(6,73.8312,55.5822)
(7,71.7793,49.7105)
(8,59.6453,34.6484)
(9,58.5470,34.0090)
(10,69.4631,49.2026)
(11,66.4222,47.3975)
(12,67.4317,47.5858)
(13,61.4817,45.6683)
(14,62.4459,44.6136)
(15,62.0154,44.3649)
(16,59.3492,45.8934)
(17,63.6095,48.0549)
(18,70.6172,52.0882)
(19,70.9067,53.5345)
(20,65.8673,42.2570)
(21,68.7992,48.6137)
(22,71.5739,52.3277)
(23,69.6954,50.1011)
(24,66.5050,44.5699)
(25,68.3099,45.0230)
(26,69.0530,46.5150)
(27,72.1002,49.1571)
(28,71.3541,47.7224)
(29,72.5785,47.1903)
(30,70.1938,45.0517)
(31,65.5760,39.3943)
(32,68.7682,40.0025)
(33,67.0765,45.0542)
(34,66.9020,46.2910)
(35,66.6965,48.5566)
(36,64.6475,46.5698)
(37,62.8991,45.8172)
(38,62.3367,46.4029)
(39,62.4958,47.0786)
(40,63.1776,45.1060)
(41,58.6491,36.0934)
(42,6.8014,9.5102)
(43,9.7210,8.9878)
(44,10.6043,9.3294)
(45,11.8209,8.6549)
(46,15.2722,9.9067)
(47,71.8545,55.2688)
(48,72.2451,57.9974)
(49,69.7773,52.5741)
(50,71.3006,51.3798)
(51,44.5733,34.4100)
(52,81.1196,68.9655)
(53,45.4908,33.6984)
(54,74.1785,65.5329)
(55,62.2599,42.2664)
(56,73.0652,63.0419)
(57,72.6841,57.6985)
(58,79.1140,67.4269)
(59,78.2270,59.6642)
(60,84.8106,77.1181)
(61,76.1654,53.4025)
(62,77.8774,53.5895)
(63,77.7361,50.6716)
(64,85.5441,73.1393)
(65,72.8100,43.5725)
(66,84.1022,74.6509)
(67,78.6504,61.9436)
(68,87.5758,82.0373)
(69,86.5842,72.3948)
(70,87.7824,76.0561)
(71,87.5015,72.8884)
(72,87.7195,73.3397)
(73,88.4655,74.2559)
(74,87.1674,69.3184)
(75,89.2013,72.7723)
(76,93.8047,89.0777)
(77,92.9855,87.3753)
(78,93.6984,81.9027)
(79,94.9359,90.0402)
(80,92.9989,79.2810)
(81,96.7028,92.6907)
(82,96.4864,92.8775)
(83,97.7772,94.4444)
(84,96.2321,94.2004)
(85,84.1833,71.0279)
(86,55.8644,39.0414)
(87,76.0595,69.0273)
(88,74.1491,68.3598)
(89,70.1208,59.1013)
(90,71.6731,63.0321)
(91,70.1390,60.0302)
(92,70.7197,60.6166)
(93,72.1851,66.1468)
(94,74.2429,65.8388)
(95,72.5795,69.5401)
(96,72.4194,67.4782)
(97,71.9793,68.7305)
(98,73.3325,69.9916)
(99,60.2421,49.8588)
(100,74.1609,71.6617)
(101,80.7538,68.3170)
(102,78.3614,67.5416)
(103,72.4384,65.9622)
(104,72.3366,65.6447)
(105,70.9162,62.0542)
(106,72.2435,66.2963)
(107,70.8831,63.8854)
(108,73.1072,68.9240)
(109,66.4346,51.6524)
(110,70.4242,61.9849)
(111,66.5309,48.6575)
(112,87.6488,74.2972)
(113,59.2797,40.3405)
(114,87.7542,76.3823)
(115,88.0702,76.3572)
(116,85.9285,72.8688)
(117,87.3788,74.9451)
(118,86.6119,74.3189)
(119,88.3791,75.5904)
(120,87.9575,73.7638)
(121,88.4230,74.8504)
(122,87.1297,72.6777)
(123,87.0046,73.1129)
(124,87.3060,73.2113)
(125,86.5930,72.1053)
(126,86.2617,71.8521)
(127,84.6431,67.8522)
(128,84.2967,68.1818)
(129,85.9694,71.4953)
(130,85.1676,68.9189)
(131,86.1026,69.2508)
(132,84.0596,66.7559)
(133,84.9798,68.1755)
(134,83.1319,65.8145)
(135,83.4079,66.7225)
(136,84.6873,68.1330)
(137,84.4076,68.5578)
(138,84.0152,67.9911)
(139,83.3466,66.9270)
(140,80.7779,63.5492)
(141,80.9912,63.0777)
(142,81.9874,65.6442)
(143,87.5829,74.0767)
(144,89.4775,78.2411)
(145,90.5103,81.8165)
(146,91.0987,82.2116)
(147,89.9468,81.0739)
(148,89.6995,79.9026)
(149,88.4453,78.0415)
(150,88.8889,77.9760)
(151,89.4770,76.5326)
(152,89.9851,79.2878)
(153,89.2986,78.4808)
(154,86.6020,76.2771)
(155,89.4405,80.2359)
(156,87.9238,79.8146)
(157,85.3564,74.4905)
(158,84.4114,74.0753)
(159,85.4901,75.5261)
(160,86.1409,75.6909)
(161,87.0391,76.0468)
(162,89.4066,80.6741)
(163,86.2230,75.8299)
(164,89.7936,80.6581)
(165,86.4412,72.9962)
(166,86.9503,73.1085)
(167,89.9652,78.6711)
(168,90.4134,81.1160)
(169,87.9883,77.7347)
(170,89.8585,80.8965)
(171,91.2672,83.0713)
(172,91.4248,83.7328)
(173,89.8854,80.6932)
(174,89.5886,80.4348)
(175,88.7617,79.1948)
(176,87.7727,77.5189)
(177,88.7231,81.0559)
(178,88.4049,80.0749)
(179,89.8850,81.7932)
(180,87.9236,78.7302)
(181,87.4975,76.8902)
(182,86.8208,74.5130)
(183,84.2561,70.2194)
(184,83.1635,68.4034)
(185,88.7122,77.8509)
(186,88.3575,78.5385)
(187,87.5456,77.0204)
(188,89.7773,79.4733)
(189,86.8125,75.2953)
(190,89.5487,80.5743)
(191,87.1018,75.0958)
(192,88.1949,77.2591)
(193,85.2891,70.3021)
(194,82.4477,68.9820)
(195,83.5560,71.2035)
(196,87.2146,75.2096)
(197,84.8525,72.2776)
(198,82.9664,68.7885)
(199,85.0147,71.5310)
(200,84.3290,70.0972)
(201,84.4810,72.6204)
(202,87.1068,76.6292)
(203,85.4870,72.3134)
(204,83.6827,69.0109)
(205,83.4456,67.7903)
(206,83.4501,67.6789)
(207,82.0564,65.4810)
(208,82.7502,66.5280)
(209,78.5904,62.2052)
(210,76.7657,60.3011)
(211,77.8159,60.4864)
(212,74.7297,57.9411)
(213,79.9494,62.8023)
(214,78.9165,59.4203)
(215,75.8378,58.0838)
(216,74.9905,54.9593)
(217,76.8917,58.6042)
(218,78.0278,60.7642)
(219,74.5044,55.2048)
(220,72.9190,51.0891)
(221,72.3547,50.8389)
(222,71.9426,51.0614)
(223,72.2269,51.9522)
(224,78.6541,59.8479)
(225,81.1128,64.0384)
(226,77.7328,57.9565)
(227,73.8118,52.3295)
(228,73.0370,47.0274)
(229,76.2541,53.4059)
(230,74.2642,54.2717)
(231,76.8270,59.0076)
(232,75.4996,56.3597)
(233,74.2969,53.9726)
(234,74.9060,54.3561)
(235,75.0926,54.8693)
(236,74.7242,54.4544)
(237,76.6512,56.0937)
(238,77.3601,57.1111)
(239,75.1513,54.9457)
(240,74.5616,53.4138)
(241,72.7046,53.6175)
(242,71.5590,52.5291)
(243,71.1188,52.3201)
(244,72.0814,50.7063)
(245,76.3035,56.1896)
(246,73.4674,52.5707)
(247,74.5656,55.5085)
(248,73.7030,54.1414)
(249,74.7078,55.9836)
(250,75.4210,56.9077)
(251,74.1685,53.3054)
(252,75.4568,56.8279)
(253,73.9942,54.8760)
(254,69.6981,47.8022)
(255,67.7799,44.6647)
(256,67.7963,45.2502)
(257,67.7506,44.2520)
(258,67.8699,45.4176)
(259,67.7744,45.8022)
(260,70.5640,50.1264)
(261,68.4236,45.0906)
(262,73.8203,55.6271)
(263,71.7506,52.9412)
(264,71.8359,54.4900)
(265,79.2886,64.7573)
(266,74.0132,55.6519)
(267,68.3671,45.7589)
(268,70.4337,48.7116)
(269,32.6549,25.2033)
(270,30.9999,11.4507)
(271,32.0993,23.5167)
(272,33.6647,24.6910)
(273,34.8544,32.2177)
(274,32.7744,30.6280)
(275,31.9881,24.5351)
(276,34.0034,27.9517)
(277,35.2358,30.8395)
(278,34.8264,28.0726)
(279,36.0355,31.5005)
(280,34.2162,31.9066)
(281,35.6320,32.2216)
(282,38.5076,30.5593)
(283,38.0539,31.6084)
(284,36.9460,30.1385)
(285,35.5267,30.9608)
(286,34.0058,29.9877)
(287,33.8052,27.1087)
(288,34.6505,25.4310)
(289,36.9586,26.9113)
(290,36.8008,27.3608)
(291,33.3677,27.2255)
(292,35.3289,25.3061)
(293,32.2463,25.4089)
(294,32.3875,24.9310)
(295,34.4569,26.1646)
(296,34.2366,27.0249)
(297,33.9071,24.1340)
(298,30.3003,22.8879)
(299,30.0393,22.6254)
(300,29.0729,20.8256)
(301,28.0813,20.0906)
(302,27.0167,21.4490)
(303,24.1184,18.8982)
(304,24.3828,17.4924)
(305,26.2442,20.0816)
(306,26.3586,22.6719)
(307,23.7603,23.9766)
(308,23.8549,12.4287)
(309,21.2010,4.7089)
(310,20.8125,6.0803)
(311,19.3191,6.7331)
(312,20.5980,6.6207)
(313,19.8283,3.8749)
(314,16.5660,4.2751)
(315,22.8336,3.6611)
(316,22.5047,5.1019)
(317,17.6982,4.0748)
(318,14.8547,10.2576)
(319,18.4027,3.6353)
(320,20.6492,0.0000)
(321,22.0882,1.8210)
(322,23.4365,0.3466)
(323,22.6225,1.9819)
(324,23.6044,0.6830)
(325,24.6172,0.0912)
(326,23.6794,0.0000)
(327,24.3392,0.5701)
(328,24.9672,0.0000)
(329,29.3031,0.7076)
(330,29.2707,2.0091)
(331,26.5708,1.6209)
(332,27.0604,0.7300)
(333,28.4883,0.0787)
(334,30.7587,0.9550)
(335,29.0907,3.1836)
(336,29.3896,1.7469)
(337,28.0921,2.3035)
(338,26.5633,1.0842)
(339,25.0143,0.9425)
(340,24.2106,2.7038)
(341,24.9736,2.9324)
(342,23.9726,4.5869)
(343,23.3094,7.7970)
(344,26.4857,4.1674)
(345,28.0419,5.9311)
(346,26.2860,6.5211)
(347,25.4358,5.9812)
(348,27.0802,6.2445)
(349,26.1980,7.4465)
(350,28.3601,9.1301)
(351,17.8761,12.8471)
(352,22.9758,10.5315)
(353,22.2079,6.0506)
(354,20.1345,10.7494)
(355,22.1243,10.1638)
(356,18.8898,13.3273)
(357,21.9359,10.2709)
(358,15.3846,10.0261)
(359,21.1339,11.6819)
(360,19.6203,8.0706)
(361,23.3700,9.6185)
(362,26.4470,12.6798)
(363,24.5030,14.0526)
(364,30.8087,15.7537)
(365,30.3094,18.6298)
(366,32.8989,17.3667)
(367,30.5848,17.5525)
(368,32.3562,18.8432)
(369,33.8683,20.3342)
(370,32.3717,18.7798)
(371,27.6801,21.2283)
(372,39.5526,22.4732)
(373,42.3479,21.6919)
(374,41.5237,20.1038)
(375,34.9274,16.5422)
(376,31.3911,16.1695)
(377,25.5909,14.4154)
(378,24.1833,13.6235)
(379,22.5784,7.9320)
(380,14.2437,11.0739)
(381,13.9114,10.1362)
(382,14.3306,9.7882)
(383,16.3759,9.9144)
(384,18.7399,11.3074)
(385,17.0820,9.1060)
(386,18.0759,9.9774)
(387,22.8066,10.3991)
(388,23.5207,12.3327)
(389,23.9060,13.4647)
(390,21.2739,12.7390)
(391,22.9319,12.9019)
(392,18.6028,11.5979)
(393,18.2357,8.6289)
(394,17.6060,10.3774)
(395,20.2658,12.1797)
(396,20.8282,9.3591)
(397,19.6168,9.2455)
(398,19.3827,7.9271)
(399,21.6848,10.3956)
(400,20.1685,10.5542)
(401,19.1604,8.4003)
(402,19.3763,8.5992)
(403,18.4435,7.1929)
(404,22.7074,9.4759)
(405,23.8248,9.2283)
(406,25.2368,11.7781)
(407,24.0690,10.0047)
(408,25.0930,10.0715)
(409,25.3987,10.8703)
(410,24.7990,9.1537)
(411,27.8064,15.0608)
(412,27.0231,14.3634)
(413,28.4448,14.6167)
(414,27.2382,13.3972)
(415,28.7113,15.3698)
(416,30.6309,15.0548)
(417,30.6045,18.5320)
(418,30.8268,15.4477)
(419,29.1502,13.1316)
(420,29.2929,13.7527)
(421,31.2579,17.1807)
(422,28.8560,15.5550)
(423,31.4344,17.7882)
(424,32.1657,17.9656)
(425,32.1260,18.1957)
(426,31.8751,19.6970)
(427,32.4552,18.0754)
(428,33.0659,18.8406)
(429,32.8124,18.0806)
(430,33.3282,19.3180)
(431,33.2939,19.5082)
(432,32.9711,19.6662)
(433,33.3627,19.7398)
(434,33.5201,19.1449)
(435,33.7727,18.9782)
(436,33.5152,18.6425)
(437,33.6509,19.1151)
(438,33.7619,19.1421)
(439,33.4550,18.7585)
(440,33.1914,18.9556)
(441,32.8550,18.6038)
(442,33.7585,18.7237)
(443,32.5964,18.9505)
(444,32.6746,18.9793)
(445,33.0895,18.8315)
(446,32.6356,19.0991)
(447,32.7075,19.7166)
(448,32.6211,19.4940)
(449,33.1266,19.5736)
(450,32.2922,19.1955)
(451,32.8552,18.9652)
(452,32.7253,18.9085)
(453,32.6435,18.4445)
(454,32.6549,19.3122)
(455,32.4612,19.0175)
(456,32.4465,18.9279)
(457,32.4660,18.7273)
(458,32.2002,18.1269)
(459,31.9005,17.5961)
(460,31.8203,17.4624)
(461,31.3014,16.9980)
(462,31.2653,16.6830)
(463,31.3325,17.0288)
(464,31.3682,17.1738)
(465,31.0706,16.4353)
(466,31.1938,16.3498)
(467,31.2929,16.2883)
(468,30.9770,15.7545)
(469,30.6458,15.5542)
(470,30.7275,15.3071)
(471,31.1410,16.3824)
(472,31.3953,16.6592)
(473,31.2500,16.5147)
(474,31.5644,16.4930)
(475,31.5631,16.4272)
(476,32.3614,17.7197)
(477,32.6039,18.4447)
(478,32.1546,17.6645)
(479,31.9912,17.4642)
(480,31.7705,17.0276)
(481,31.8956,17.1747)
(482,32.4366,18.1900)
(483,32.6570,18.6387)
(484,32.8124,18.0871)
(485,32.4408,17.3909)
(486,32.2654,17.7136)
(487,32.2265,17.9403)
(488,32.1114,17.9704)
(489,32.0076,18.0913)
(490,31.8980,17.6231)
(491,31.8595,17.3399)
(492,31.8191,17.2313)
(493,31.4325,16.6220)
(494,31.6961,16.6445)
(495,31.5303,16.5314)
(496,31.6796,16.4682)
(497,31.4708,17.2547)
(498,31.3649,16.9908)
(499,31.4400,16.7864)
(500,31.4077,16.5189)
(501,31.3149,16.3662)
(502,31.2459,16.6161)
(503,31.9480,18.0290)
(504,32.1240,18.2219)
(505,32.2784,18.4476)
(506,32.4375,18.2617)
(507,32.5977,18.6897)
(508,32.8556,18.1679)
(509,32.7120,18.1490)
(510,32.1472,17.0264)
(511,32.5612,18.0747)
(512,32.4422,18.0113)
(513,31.6094,17.1296)
(514,32.4413,17.7933)
(515,31.9140,17.9016)
(516,31.7731,17.5953)
(517,31.7727,17.7088)
(518,31.8105,17.3299)
(519,32.7441,18.7517)
(520,32.5938,17.9253)
(521,31.7614,16.7839)
(522,32.7530,16.9479)
(523,33.8936,15.7767)
(524,34.8120,17.7754)
(525,34.4208,18.2063)
(526,34.1652,18.9317)
(527,36.2560,20.4930)
(528,35.1766,20.1678)
(529,33.1724,19.7491)
(530,31.8918,18.1592)
(531,32.5832,18.0859)
(532,31.5736,17.2657)
(533,36.9873,22.2294)
(534,36.7469,20.0521)
(535,36.0759,20.4803)
(536,34.8898,17.3504)
(537,34.9251,18.7540)
(538,35.1336,19.1703)
(539,35.7000,19.4999)
(540,37.7383,18.3902)
(541,35.6415,18.8142)
(542,36.1496,16.2148)
(543,38.7156,20.3207)
(544,35.3309,20.4536)
(545,36.2538,21.9727)
(546,33.4982,19.0428)
(547,34.3945,19.1590)
(548,36.8727,22.9309)
(549,33.7163,19.8738)
(550,34.0521,19.3844)
(551,33.1223,20.1485)
(552,31.0809,19.0263)
(553,35.9300,21.7328)
(554,31.8620,16.3727)
(555,31.8547,19.3074)
(556,33.1178,18.0662)
(557,29.5200,17.4994)
(558,28.5410,17.6944)
(559,26.6600,14.5808)
(560,23.4952,14.2210)
(561,22.1721,14.9294)
(562,25.8460,15.9172)
(563,26.1476,14.1205)
(564,28.8547,16.6165)
(565,22.7506,8.8870)
(566,32.2524,11.7629)
(567,41.9986,5.5217)
(568,37.0003,11.1425)
(569,35.2306,8.8897)
(570,33.6918,8.2131)
(571,43.6666,1.6981)
(572,44.6984,4.2478)
(573,48.9745,7.2297)
(574,50.6689,6.3867)
(575,47.8735,3.8042)
(576,50.7807,3.7400)
(577,47.0475,4.0111)
(578,48.5944,4.7787)
(579,46.1989,4.7262)
(580,45.5643,6.2095)
(581,42.5300,4.9351)
(582,44.3358,5.3895)
(583,36.8753,4.5928)
(584,35.6141,1.7224)
(585,38.4227,4.0556)
(586,38.0363,5.6824)
(587,37.6263,3.8640)
(588,40.5500,5.3723)
(589,39.4795,5.9326)
(590,39.9270,5.7451)
(591,36.9690,3.7061)
(592,32.5815,4.5252)
(593,31.1094,1.3896)
(594,31.5422,0.3237)
(595,31.9561,1.6112)
(596,31.0392,4.9945)
(597,24.3153,8.5301)
(598,21.8838,7.1100)
(599,23.6363,9.6352)
(600,43.5200,10.1010)
(601,40.7634,9.1722)
(602,40.0520,10.9136)
(603,38.3297,10.1956)
(604,19.1724,8.8222)
(605,38.5384,14.8019)
(606,82.8360,71.0143)
(607,82.3571,70.1984)
(608,71.0910,52.2216)
(609,81.3388,67.9676)
(610,85.5821,75.0674)
(611,84.7083,72.4909)
(612,84.1222,70.9925)
(613,85.4911,71.2269)
(614,82.4992,66.7087)
(615,80.7601,64.2778)
(616,80.9885,66.8604)
(617,81.4410,65.7424)
(618,80.5722,63.2633)
(619,81.0914,63.8704)
(620,84.1753,66.1757)
(621,81.3086,61.9236)
(622,77.4999,58.8526)
(623,78.7137,58.7136)
(624,82.1440,62.8223)
(625,80.4958,61.0966)
(626,82.1343,63.2637)
(627,79.8549,61.3284)
(628,81.1076,63.1061)
(629,73.2406,56.5386)
(630,77.5564,59.6359)
(631,77.5434,59.5824)
(632,84.1942,70.6406)
(633,81.7338,65.0317)
(634,80.5997,62.5949)
(635,82.7614,67.1710)
(636,80.8596,65.8986)
(637,80.5310,66.2394)
(638,77.4172,62.5157)
(639,75.0852,59.5248)
(640,68.5417,50.8039)
(641,71.4529,54.2441)
(642,71.1473,51.8678)
(643,66.8000,48.0521)
(644,60.8845,41.7044)
(645,64.5716,43.1472)
(646,65.0337,45.1270)
(647,65.3935,50.4460)
(648,65.7666,46.4493)
(649,67.8315,51.9394)
(650,69.1700,50.0363)
(651,69.5816,52.4141)
(652,71.0861,57.0945)
(653,65.2029,48.3418)
(654,64.2275,45.5585)
(655,57.3698,41.3298)
(656,56.0247,37.1729)
(657,26.5264,25.7810)
(658,17.5552,20.3194)
(659,58.2506,37.3170)
(660,62.1688,45.4921)
(661,61.8033,44.1527)
(662,30.6087,25.5551)
(663,39.1105,27.3927)
(664,41.5848,20.4713)
(665,29.0702,17.3613)
(666,23.9413,21.6563)
(667,64.1278,47.9585)
(668,28.7690,18.0388)
(669,23.4833,18.5138)
(670,27.0235,21.7803)
(671,37.5470,20.0236)
(672,40.2597,20.6511)
(673,37.8279,18.3286)
(674,14.9099,12.0359)
(675,52.7075,38.1544)
(676,53.1589,39.3323)
(677,11.8950,13.8050)
(678,6.9087,11.7316)
(679,43.9209,21.9962)
(680,47.2423,24.9770)
(681,50.6323,27.7891)
(682,49.1573,28.9227)
(683,50.0570,30.5226)
(684,50.5083,30.4015)
(685,50.3727,27.1377)
(686,55.4375,29.2422)
(687,60.4644,32.8158)
(688,57.7729,30.8369)
(689,57.9253,31.7183)
(690,53.3062,27.7730)
(691,50.8586,22.2926)
(692,52.2644,22.3860)
(693,52.1442,21.3707)
(694,49.8206,15.3169)
(695,49.2818,18.0495)
(696,47.4296,16.8974)
(697,45.8678,10.8656)
(698,46.7926,17.4477)
(699,47.5004,18.6183)
(700,47.0953,21.4406)
(701,49.7849,20.1717)
(702,49.1253,21.5681)
(703,51.3429,20.6923)
(704,53.5864,20.3608)
(705,56.0689,22.1185)
(706,54.6151,22.2618)
(707,54.8570,24.7527)
(708,53.5583,20.9853)
(709,53.0730,20.3631)
(710,53.4013,22.5896)
(711,49.6011,20.9792)
(712,50.6533,20.4914)
(713,50.5370,19.6539)
(714,51.2491,19.6583)
(715,50.8775,18.0820)
(716,50.5968,18.5861)
(717,37.4739,17.2516)
(718,9.5378,8.9757)
(719,36.4877,17.0788)
(720,10.3313,9.5692)
(721,15.8784,10.0673)
(722,10.3120,11.9420)
(723,8.8398,16.2366)
(724,6.6940,14.2275)
(725,12.3922,17.6812)
(726,30.4988,20.2652)
(727,37.9734,19.9260)
(728,40.7412,25.6561)
(729,42.6922,28.3458)
(730,43.3795,28.2467)
(731,41.9284,21.8304)
(732,36.6033,19.4000)
(733,37.9953,12.3334)
(734,48.7371,28.6954)
(735,42.9244,25.7787)
(736,45.6031,32.2789)
(737,51.0802,27.8356)
(738,17.2325,4.9231)
(739,17.8586,6.5464)
(740,45.6882,29.1001)
(741,43.3534,32.0802)
(742,43.2498,32.9830)
(743,40.6824,31.0281)
(744,39.6457,35.5475)
(745,40.6142,35.8902)
(746,44.7977,33.1468)
(747,49.8912,26.3779)
(748,56.4440,33.2902)
(749,55.0505,33.6262)
(750,52.8881,38.7520)
(751,51.4601,34.7154)
(752,52.3161,37.4454)
(753,53.3193,36.3894)
(754,44.4808,22.7102)
(755,56.9865,39.9019)
(756,59.0467,37.2209)
(757,56.3328,39.7984)
(758,55.1295,33.0365)
(759,55.1638,35.5027)
(760,54.0775,36.0782)
(761,51.6949,33.7022)
(762,47.3492,30.5840)
(763,44.2857,27.8300)
(764,43.2671,27.7980)
(765,40.0641,25.4949)
(766,37.6375,24.2296)
(767,38.1517,25.2961)
(768,38.8433,24.0703)
(769,36.2082,26.6113)
(770,37.0194,23.0155)
(771,36.4575,21.5145)
(772,33.1193,22.0729)
(773,36.4970,23.5166)
(774,41.2507,26.4741)
(775,25.6207,8.9109)
(776,19.3803,5.8359)
(777,16.4415,5.6774)
(778,23.3809,7.7340)
(779,22.3956,6.4401)
(780,28.4266,7.7999)
(781,28.5042,7.8139)
(782,27.8282,8.8991)
(783,29.4209,10.7912)
(784,21.0274,7.4069)
(785,24.9687,9.7295)
(786,23.1911,8.6208)
(787,23.5524,7.7469)
(788,23.7938,10.9961)
(789,28.6565,9.6669)
(790,26.8625,8.5899)
(791,24.3103,6.8488)
(792,33.6915,10.2463)
(793,34.4448,11.4663)
(794,36.9592,11.8436)
(795,31.5392,9.4632)
(796,30.4421,10.5157)
(797,28.2162,9.0978)
(798,32.7799,12.9664)
(799,31.3259,11.6135)
(800,31.6379,9.6175)
(801,29.8098,10.5863)
(802,24.2976,9.6699)
(803,23.1998,7.8530)
(804,16.8503,4.8940)
(805,19.3785,6.1904)
(806,21.0869,7.5905)
(807,30.9950,12.2212)
(808,30.8119,13.4186)
(809,32.5642,13.6238)
(810,31.9226,14.8870)
(811,29.0456,12.2010)
(812,31.2942,11.3524)
(813,34.7334,11.3806)
(814,35.5164,12.1941)
(815,36.5484,11.4210)
(816,34.3303,13.0161)
(817,39.8047,14.2781)
(818,41.8789,14.9800)
(819,34.4201,14.1421)
(820,33.3367,14.2367)
(821,33.2266,14.7881)
(822,32.5940,16.1158)
(823,32.4149,18.2980)
(824,31.8660,18.9015)
(825,31.4513,17.6605)
(826,32.9458,15.7201)
(827,30.2143,17.5631)
(828,30.2372,18.0385)
(829,34.8955,20.5003)
(830,32.9337,19.3606)
(831,33.2234,17.7266)
(832,32.8128,15.9961)
(833,30.1740,17.0073)
(834,28.9293,16.5823)
(835,29.7550,18.0777)
(836,28.0016,17.1400)
(837,32.4456,17.7098)
(838,30.9537,15.2885)
(839,34.6102,18.2147)
(840,35.8005,15.9774)
(841,28.6866,18.7165)
(842,28.9220,15.9663)
(843,30.1041,15.9602)
(844,31.2146,17.3487)
(845,31.7039,19.1048)
(846,27.1061,16.1011)
(847,29.1082,15.0652)
(848,28.1983,17.1354)
(849,32.2393,17.5736)
(850,30.5376,15.2341)
(851,35.0569,21.6111)
(852,32.1730,18.3301)
(853,32.9636,15.7367)
(854,31.3827,13.4789)
(855,31.9162,11.8914)
(856,35.7291,11.9980)
(857,37.5147,13.5897)
(858,36.1611,14.0101)
(859,32.2386,15.5904)
(860,30.3840,13.3522)
(861,31.3459,12.7564)
(862,34.8788,12.4751)
(863,38.9577,12.6102)
(864,38.0535,14.8813)
(865,45.2579,14.6654)
(866,44.2601,13.9066)
(867,50.5513,16.3633)
(868,54.4764,17.7418)
(869,63.8065,32.0817)
(870,62.9562,27.5340)
(871,63.9620,26.1148)
(872,66.8892,26.5598)
(873,67.1620,31.6140)
(874,63.3886,33.0899)
(875,60.1402,23.8950)
(876,62.7576,28.1683)
(877,57.3652,25.0134)
(878,56.3887,21.5089)
(879,60.1446,25.2936)
(880,65.9825,30.9681)
(881,70.3004,36.9333)
(882,67.1712,38.6810)
(883,75.3024,40.1119)
(884,76.7834,45.1883)
(885,75.0802,41.2523)
(886,68.9960,37.8939)
(887,69.0717,29.0884)
(888,67.2831,31.2685)
(889,65.6265,31.1782)
(890,71.4612,41.5420)
(891,62.5225,27.4006)
(892,63.4208,24.8650)
(893,66.3921,29.4157)
(894,63.7900,26.1915)
(895,69.7162,31.7680)
(896,66.8747,24.3120)
(897,64.5177,23.9826)
(898,61.7770,27.1347)
(899,61.2195,28.4838)
(900,63.5695,27.7752)
(901,61.8588,27.4948)
(902,56.0426,24.4384)
(903,49.3920,19.7667)
(904,54.8697,19.7956)
(905,51.8235,17.4643)
(906,42.8571,14.8493)
(907,43.9789,16.6549)
(908,50.7180,20.5758)
(909,51.9877,26.7471)
(910,57.6894,33.3459)
(911,59.4686,34.8324)
(912,56.9288,27.2642)
(913,49.0799,22.6401)
(914,50.8387,23.6771)
(915,39.8438,21.2771)
(916,33.5166,16.0697)
(917,33.1135,14.8675)
(918,40.5002,15.3233)
(919,46.4654,16.2214)
(920,34.7717,13.0440)
(921,43.1148,14.7373)
(922,47.1622,17.4547)
(923,49.2355,24.9480)
(924,46.3410,20.8773)
(925,48.4423,21.1925)
(926,43.7959,18.5678)
(927,37.5964,15.6488)
(928,37.0000,15.6170)
(929,28.5822,12.3153)
(930,35.8964,16.3895)
(931,29.9301,16.5495)
(932,32.8516,17.6322)
(933,35.8669,17.6489)
(934,35.3842,15.5608)
(935,34.5500,15.5754)
(936,38.6324,14.0869)
(937,31.1270,14.2241)
(938,41.3903,16.9575)
(939,33.7572,17.5467)
(940,33.5802,17.2521)
(941,34.1141,18.0659)
(942,34.3629,18.0901)
(943,33.4201,17.2769)
(944,35.7763,18.0363)
(945,34.2066,16.9948)
(946,32.9350,18.2195)
(947,34.8191,19.8963)
(948,35.4422,18.7171)
(949,34.3266,18.3748)
(950,49.3871,21.2785)
(951,43.7150,20.7019)
(952,45.6280,21.3212)
(953,44.1960,21.7770)
(954,46.4845,22.0300)
(955,46.7341,22.1489)
(956,64.3085,26.6949)
(957,57.7520,25.0337)
(958,49.4636,21.4767)
(959,50.2884,23.2542)
(960,49.5681,21.7170)
(961,51.3463,21.3848)
(962,63.6836,28.2275)
(963,58.7773,23.4926)
(964,47.2166,21.0851)
(965,51.4258,23.1030)
(966,46.3359,22.0435)
(967,54.2147,21.9161)
(968,53.0154,21.4410)
(969,50.9000,21.0094)
(970,47.0952,21.0412)
(971,47.4628,22.9188)
(972,51.4498,22.3160)
(973,45.8955,20.1612)
(974,50.5718,23.5004)
(975,52.3022,22.7762)
(976,51.1197,21.3091)
(977,47.1201,21.1804)
(978,45.3314,21.9364)
(979,45.2015,21.2935)
(980,37.4869,20.0669)
(981,36.5944,19.9929)
(982,48.6651,21.8879)
(983,35.3526,19.0673)
(984,40.9321,20.8203)
(985,40.1597,21.1950)
(986,41.8702,22.8702)
(987,48.8803,23.0234)
(988,45.8815,22.0720)
(989,42.0750,22.2558)
(990,48.4084,24.1716)
(991,52.2367,22.9760)
(992,55.5920,24.6447)
(993,49.9087,23.8820)
(994,40.7044,20.9904)
(995,45.8205,21.8971)
(996,43.8157,21.9390)
(997,51.1886,23.5011)
(998,53.2478,26.5606)
(999,58.5739,28.9299)
(1000,44.4895,21.0670)
(1001,42.5315,21.9615)
(1002,44.8704,21.4587)
(1003,43.5402,20.0067)
(1004,52.1182,25.6392)
(1005,49.0929,21.0545)
(1006,39.5925,19.9594)
(1007,36.3663,21.1300)
(1008,48.8729,23.7117)
(1009,46.5544,21.4562)
(1010,45.6732,21.5419)
(1011,54.0176,25.3834)
(1012,36.2712,19.5941)
(1013,33.4608,20.2377)
(1014,40.2923,19.3523)
(1015,49.4750,20.7343)
(1016,39.4205,20.6277)
(1017,31.2821,19.7757)
(1018,32.1781,19.7141)
(1019,32.8174,19.8885)
(1020,34.3636,20.8267)
(1021,38.4028,20.5540)
(1022,37.2302,20.6278)
(1023,35.7676,19.7095)
(1024,38.2741,19.2454)
(1025,32.2831,17.8050)
(1026,38.1377,19.2144)
(1027,36.1981,19.2412)
(1028,38.0820,19.7885)
(1029,34.0187,18.6610)
(1030,33.2451,18.5705)
(1031,32.6132,17.0583)
(1032,39.5683,19.4771)
(1033,44.0553,20.3883)
(1034,41.8711,21.3015)
(1035,38.0399,19.0757)
(1036,42.4760,20.5968)
(1037,42.5873,19.8695)
(1038,41.8956,20.4035)
(1039,40.8697,19.7655)
(1040,40.2916,18.4767)
(1041,44.2470,22.2860)
(1042,38.8988,20.8568)
(1043,42.2147,21.2171)
(1044,41.7433,20.2836)
(1045,44.0093,23.1912)
(1046,38.9833,20.4148)
(1047,43.0978,20.9821)
(1048,44.4697,21.9970)
(1049,39.2325,20.1838)
(1050,34.9120,16.6857)
(1051,37.4643,17.3356)
(1052,41.2314,20.8783)
(1053,40.0449,18.0932)
(1054,42.2821,19.2998)
(1055,40.0710,20.7204)
(1056,37.9321,17.5970)
(1057,36.9809,18.4856)
(1058,32.7212,17.7747)
(1059,38.1965,21.4488)
(1060,39.8378,23.9533)
(1061,40.5057,22.1433)
(1062,40.2283,22.9308)
(1063,44.2094,29.2951)
(1064,40.8406,20.7632)
(1065,39.5976,18.1298)
(1066,41.5926,24.8181)
(1067,49.1864,26.2253)
(1068,50.0993,27.3503)
(1069,42.1875,26.0683)
(1070,38.0976,22.8601)
(1071,38.5191,23.5639)
(1072,38.8559,22.5085)
(1073,37.0641,20.6826)
(1074,34.9558,19.7147)
(1075,41.9931,19.9976)
(1076,46.3450,22.2403)
(1077,39.6533,20.6117)
(1078,48.5907,24.6477)
(1079,41.8601,21.4295)
(1080,41.8066,20.8626)
(1081,41.3835,21.5560)
(1082,46.2027,24.4154)
(1083,48.7337,28.0378)
(1084,59.0302,34.8901)
(1085,56.0705,35.0078)
(1086,53.8752,31.4720)
(1087,54.4405,30.1111)
(1088,47.4484,23.2033)
(1089,43.0986,20.7766)
(1090,40.2637,21.2944)
(1091,38.1018,20.8955)
(1092,39.0084,20.6524)
(1093,36.3325,19.6366)
(1094,39.7997,20.0138)
(1095,37.5525,20.1654)
(1096,43.6966,21.0688)
(1097,40.0651,20.6474)
(1098,38.6423,19.7487)
(1099,41.9598,20.4864)
(1100,45.9722,23.7318)
(1101,44.0555,21.1431)
(1102,45.5470,21.3935)
(1103,44.0229,21.1982)
(1104,44.2883,19.3087)
(1105,45.9206,19.8705)
(1106,50.0845,25.6395)
(1107,51.9985,27.5763)
(1108,52.3647,24.3792)
(1109,49.5001,20.7728)
(1110,47.3416,23.5611)
(1111,45.0134,23.5793)
(1112,48.9973,23.1546)
(1113,48.4361,27.7376)
(1114,46.1447,28.1353)
(1115,46.4932,27.2267)
(1116,54.5882,40.0411)
(1117,50.7265,32.0508)
(1118,53.4257,37.1954)
(1119,57.0309,39.2982)
(1120,55.6778,34.2641)
(1121,59.9487,33.5284)
(1122,57.9436,36.5090)
(1123,55.3599,35.7688)
(1124,54.4636,33.0905)
(1125,53.7143,28.0641)
(1126,56.2870,36.3080)
(1127,55.9560,27.5748)
(1128,59.2171,26.6667)
(1129,54.3052,25.5256)
(1130,56.8191,31.6612)
(1131,52.4332,24.8882)
(1132,48.2490,23.3763)
(1133,49.4019,23.7295)
(1134,51.7668,25.6225)
(1135,53.6045,29.7042)
(1136,52.3636,24.1182)
(1137,54.9265,26.1946)
(1138,54.8098,26.0289)
(1139,52.0334,21.9566)
(1140,55.7784,23.4830)
(1141,52.9389,21.3817)
(1142,54.4316,22.7064)
(1143,53.0737,21.3531)
(1144,56.7384,23.1668)
(1145,52.0571,20.1737)
(1146,50.7937,22.3569)
(1147,56.0189,21.7164)
(1148,56.8113,24.2663)
(1149,54.4363,19.1435)
(1150,52.0151,19.8456)
(1151,52.8776,24.5387)
(1152,50.8356,18.9669)
(1153,51.5008,22.3979)
(1154,48.9338,19.8988)
(1155,52.0375,23.3953)
(1156,52.3325,21.0740)
(1157,50.9953,21.2106)
(1158,49.4059,23.0961)
(1159,47.1880,21.3205)
(1160,49.9262,19.7612)
(1161,46.2423,18.0302)
(1162,46.6571,20.4233)
(1163,45.3978,18.3321)
(1164,47.2975,22.9684)
(1165,44.1755,17.6953)
(1166,39.5995,17.8655)
(1167,38.4540,17.7349)
(1168,44.4091,20.3626)
(1169,40.8040,18.6129)
(1170,40.2400,19.1195)
(1171,39.0260,18.3022)
(1172,40.7401,19.6183)
(1173,38.6904,17.6619)
(1174,36.8884,18.1377)
(1175,35.8650,16.7039)
(1176,41.4626,19.1436)
(1177,38.3323,17.6832)
(1178,36.0628,17.0076)
(1179,35.0195,16.5767)
(1180,38.7056,17.5264)
(1181,36.2435,16.7989)
(1182,37.1990,16.7006)
(1183,33.3094,16.3618)
(1184,35.1524,16.7562)
(1185,36.2487,17.1262)
(1186,35.0682,16.1579)
(1187,32.5192,16.5865)
(1188,35.2261,16.3115)
(1189,35.8502,16.5316)
(1190,36.0176,16.3465)
(1191,31.9528,16.0838)
(1192,37.9825,17.2666)
(1193,45.8562,23.2819)
(1194,47.4709,25.1396)
(1195,53.2907,28.4201)
(1196,51.8392,29.1514)
(1197,54.6375,30.6605)
(1198,53.9567,30.2394)
(1199,55.9778,31.4314)
(1200,59.0553,34.2696)
(1201,39.2295,21.3385)
(1202,54.6908,30.1590)
(1203,55.0636,31.9698)
(1204,56.6590,34.6793)
(1205,52.4824,29.6371)
(1206,53.1701,30.9306)
(1207,54.2319,31.4290)
(1208,55.3955,30.9815)
(1209,52.9449,27.0994)
(1210,52.3708,27.5598)
(1211,53.8478,29.6381)
(1212,55.0430,32.4363)
(1213,55.7056,33.1227)
(1214,44.2423,23.2119)
(1215,50.2753,21.8396)
(1216,45.1237,22.1248)
(1217,44.3287,20.1991)
(1218,43.6003,13.1543)
(1219,45.5378,14.7032)
(1220,45.1253,17.6927)
(1221,54.8320,17.4160)
(1222,47.5322,14.2383)
(1223,50.3363,13.8679)
(1224,35.6794,8.6997)
(1225,46.0730,12.2471)
(1226,35.5342,7.3788)
(1227,41.4272,9.8657)
(1228,38.9480,9.5575)
(1229,47.3266,9.1857)
(1230,38.4877,7.4597)
(1231,29.9459,5.5721)
(1232,32.6275,6.7455)
(1233,47.2419,10.0639)
(1234,43.7751,18.5620)
(1235,42.6826,17.3424)
(1236,42.4388,19.8228)
(1237,43.4723,17.8555)
(1238,43.6094,18.1952)
(1239,42.8966,17.8054)
(1240,43.5882,19.0183)
(1241,43.1928,18.3645)
(1242,43.0677,18.6488)
(1243,41.8495,17.2960)
(1244,42.1995,17.2090)
(1245,41.7668,18.0417)
(1246,41.5842,18.0827)
(1247,42.4093,17.0327)
(1248,41.6565,16.7140)
(1249,42.0558,16.5059)
(1250,41.6804,16.4194)
(1251,41.7689,16.4015)
(1252,41.4770,16.3862)
(1253,41.7568,16.3200)
(1254,42.6967,15.9039)
(1255,42.4518,16.9813)
(1256,43.1073,16.3323)
(1257,43.6868,17.0165)
(1258,43.4060,18.3490)
(1259,42.6627,17.4151)
(1260,42.6161,16.6214)
(1261,42.6154,17.7684)
(1262,43.4996,19.2024)
(1263,42.7845,19.1487)
(1264,43.0335,17.6970)
(1265,42.8664,15.9982)
(1266,42.5948,16.6893)
(1267,42.0360,15.8862)
(1268,40.9627,15.8737)
(1269,41.0095,15.9044)
(1270,41.8714,16.7027)
(1271,42.1394,16.3762)
(1272,41.3748,15.7681)
(1273,42.0350,16.7124)
(1274,41.3169,16.1752)
(1275,39.0758,15.4499)
(1276,38.4205,15.1219)
(1277,40.0377,15.7817)
(1278,40.0673,15.2906)
(1279,39.4507,15.7556)
(1280,39.0103,15.1764)
(1281,39.0481,15.0852)
(1282,37.5855,15.7857)
(1283,41.1926,16.9749)
(1284,40.9444,16.6611)
(1285,41.5819,17.4112)
(1286,41.9630,17.5829)
(1287,41.7059,16.2291)
(1288,41.9232,16.6125)
(1289,42.1216,15.8769)
(1290,41.7341,15.3820)
(1291,41.9453,15.8844)
(1292,41.8952,15.9151)
(1293,41.2676,14.9254)
(1294,41.7289,15.9643)
(1295,41.9951,16.7918)
(1296,42.1581,16.7856)
(1297,41.9402,16.2325)
(1298,42.3885,16.6890)
(1299,42.1831,16.3333)
(1300,42.2363,16.0753)
(1301,41.8783,15.7221)
(1302,41.6996,16.2825)
(1303,41.4816,15.8689)
(1304,40.7113,15.5747)
(1305,40.8769,14.8283)
(1306,41.0895,15.8417)
(1307,41.8229,14.8800)
(1308,40.9411,14.4266)
(1309,41.4412,14.3515)
(1310,41.8766,16.5870)
(1311,40.8501,14.4822)
(1312,40.0891,14.9884)
(1313,41.8446,14.3830)
(1314,42.1988,15.2698)
(1315,42.5057,15.5386)
(1316,41.2434,14.2795)
(1317,41.7521,14.2609)
(1318,42.8172,15.3963)
(1319,42.9650,15.9562)
(1320,42.4950,15.5881)
(1321,42.4195,15.8759)
(1322,42.6604,16.7316)
(1323,42.9752,16.5136)
(1324,42.4256,16.2760)
(1325,42.2884,17.1133)
(1326,42.7441,17.2700)
(1327,42.5238,16.8482)
(1328,43.0232,17.6157)
(1329,42.6471,17.8075)
(1330,41.9398,17.7364)
(1331,43.0070,18.0031)
(1332,43.1434,17.6418)
(1333,42.3037,17.4017)
(1334,42.7960,17.8532)
(1335,38.1653,17.5124)
(1336,41.7039,18.4634)
(1337,40.6039,17.6524)
(1338,40.0076,18.2733)
(1339,42.7115,17.1672)
(1340,43.4378,17.3860)
(1341,42.9111,16.9180)
(1342,43.7500,17.9072)
(1343,43.1220,17.6114)
(1344,43.2361,17.1871)
(1345,42.7608,17.1538)
(1346,42.4311,17.1001)
(1347,41.6689,16.7834)
(1348,41.2659,17.5748)
(1349,41.5115,17.1606)
(1350,41.6047,17.4254)
(1351,41.9706,16.9243)
(1352,42.1991,16.8613)
(1353,41.4549,16.5412)
(1354,39.9089,16.7585)
(1355,39.8101,16.8828)
(1356,42.4775,17.5516)
(1357,40.3074,17.1625)
(1358,40.2383,17.2540)
(1359,40.4765,17.0569)
(1360,40.2297,17.5395)
(1361,40.1513,17.5958)
(1362,39.9734,18.1317)
(1363,40.2317,18.3573)
(1364,40.5072,17.4268)
(1365,40.9161,17.9487)
(1366,37.7393,17.9657)
(1367,40.7507,17.6513)
(1368,40.6328,17.4580)
(1369,37.6782,17.2976)
(1370,41.5635,16.9236)
(1371,41.4894,16.7591)
(1372,41.5034,16.4830)
(1373,40.8174,17.1580)
(1374,41.3774,16.9457)
(1375,41.3036,17.4679)
(1376,40.7771,15.9451)
(1377,41.2106,16.5804)
(1378,41.1990,16.4297)
(1379,41.4035,16.1914)
(1380,41.1620,16.4298)
(1381,40.9601,15.7967)
(1382,39.0824,17.4507)
(1383,40.6539,15.4068)
(1384,39.4456,17.4918)
(1385,40.6011,15.2565)
(1386,39.3974,17.3673)
(1387,41.2352,16.8474)
(1388,40.8366,16.0960)
(1389,40.5416,16.2837)
(1390,39.8008,17.7935)
(1391,40.6371,16.1294)
(1392,40.5754,15.7906)
(1393,40.8121,15.4816)
(1394,40.9864,15.3369)
(1395,42.5250,17.7667)
(1396,41.7872,18.2476)
(1397,42.3297,17.4343)
(1398,42.8920,18.5427)
(1399,42.3279,19.4037)
(1400,43.1938,18.8550)
(1401,42.2593,19.4004)
(1402,42.3761,18.9732)
(1403,41.8937,18.4269)
(1404,43.3043,18.4553)
(1405,42.2167,17.5390)
(1406,42.0611,16.9247)
(1407,41.5653,16.6747)
(1408,42.4467,17.0694)
(1409,41.3547,16.7165)
(1410,41.7783,17.6840)
(1411,41.6569,15.8827)
(1412,42.0974,16.5250)
(1413,41.7590,17.5220)
(1414,37.5380,16.8063)
(1415,40.3382,18.2807)
(1416,41.6076,18.6687)
(1417,41.5323,18.3891)
(1418,40.2822,17.7339)
(1419,33.4860,15.7329)
(1420,42.5195,16.2851)
(1421,41.6922,16.0763)
(1422,43.1692,17.1578)
(1423,43.3917,17.0191)
(1424,43.3130,17.2623)
(1425,43.6836,18.1912)
(1426,43.5223,18.5732)
(1427,42.5918,17.4081)
(1428,43.9172,18.8558)
(1429,42.1149,18.3474)
(1430,42.9867,18.2007)
(1431,41.4692,17.9228)
(1432,43.3022,18.2322)
(1433,43.4168,18.1430)
(1434,43.8819,18.6967)
(1435,43.8249,19.0996)
(1436,44.1468,19.2140)
(1437,43.8862,18.6746)
(1438,44.1142,19.0362)
(1439,43.7470,19.0147)
(1440,43.8454,18.7557)
(1441,43.2282,17.9813)
(1442,42.7357,18.8930)
(1443,44.0786,18.9875)
(1444,43.3043,17.8695)
(1445,42.8363,18.0648)
(1446,42.9237,18.7176)
(1447,43.4632,18.0319)
(1448,42.7100,17.0268)
(1449,42.7980,16.8746)
(1450,44.0769,18.7708)
(1451,44.2023,18.7393)
(1452,43.9047,18.1374)
(1453,43.9110,18.5620)
(1454,45.0172,19.0783)
(1455,43.6821,18.0140)
(1456,43.4988,17.2518)
(1457,43.5448,17.6497)
(1458,43.3227,17.8283)
(1459,43.0583,17.4010)
(1460,43.0317,17.6307)
(1461,43.5488,18.2884)
(1462,43.0257,18.1269)
(1463,42.7332,18.0935)
(1464,43.2484,18.3497)
(1465,43.9766,18.8718)
(1466,43.5031,18.6733)
(1467,43.7211,18.0266)
(1468,43.5812,17.9982)
(1469,43.7278,18.4325)
(1470,41.1205,18.8271)
(1471,43.7550,18.5620)
(1472,43.6991,18.5859)
(1473,43.2543,18.0687)
(1474,43.1632,18.3314)
(1475,43.4442,18.4476)
(1476,43.1961,18.0701)
(1477,43.4319,18.2526)
(1478,43.0871,18.2166)
(1479,43.0604,18.2482)
(1480,43.5141,18.3211)
(1481,41.9465,19.1836)
(1482,43.6924,19.4618)
(1483,43.6122,18.3862)
(1484,43.7606,18.3760)
(1485,43.8947,18.3024)
(1486,43.6698,18.5434)
(1487,43.9181,18.6812)
(1488,43.3882,18.3132)
(1489,43.3243,18.2294)
(1490,43.7991,18.2694)
(1491,43.4914,18.2209)
(1492,43.7643,18.2405)
(1493,44.0655,18.6301)
(1494,43.6349,18.4760)
(1495,43.3629,18.1664)
(1496,43.6557,18.1529)
(1497,43.8008,18.4147)
(1498,43.5330,18.2221)
(1499,43.5628,18.0803)
(1500,43.5415,18.3042)
(1501,43.4501,18.1891)
(1502,43.6912,18.3822)
(1503,40.1298,17.6972)
(1504,43.0049,17.5278)
(1505,43.1818,17.7870)
(1506,42.5276,16.9638)
(1507,42.4835,16.7910)
(1508,42.7494,16.8932)
(1509,42.6715,17.5060)
(1510,36.7626,17.2020)
(1511,43.2490,18.3541)
(1512,43.7071,18.5775)
(1513,43.6813,18.2513)
(1514,39.1951,17.4766)
(1515,43.8428,19.1998)
(1516,39.2704,17.7557)
(1517,43.8261,19.1472)
(1518,42.2150,18.9123)
(1519,42.6252,19.0800)
(1520,39.6261,17.3681)
(1521,43.4863,18.7947)
(1522,41.1527,17.9985)
(1523,40.3574,17.6587)
(1524,40.2734,17.0453)
(1525,40.8183,17.4612)
(1526,41.4570,17.8539)
(1527,41.6563,17.4631)
(1528,40.4918,16.9714)
(1529,40.8594,17.3482)
(1530,41.3190,17.8988)
(1531,40.4013,18.0532)
(1532,40.7936,17.8070)
(1533,40.8739,17.8383)
(1534,38.4578,17.7374)
(1535,39.5111,18.4581)
(1536,39.5087,17.7442)
(1537,39.4049,18.0591)
(1538,39.6995,16.2827)
(1539,39.6107,17.1980)
(1540,39.8900,16.4142)
(1541,40.8006,18.5976)
(1542,42.2064,19.5425)
(1543,42.1092,19.1192)
(1544,41.6049,17.5785)
(1545,41.9684,17.4792)
(1546,41.6329,18.3297)
(1547,40.4581,17.1893)
(1548,40.0236,16.1765)
(1549,40.1601,19.3775)
(1550,38.7453,18.7265)
(1551,39.3642,18.1011)
(1552,40.1106,17.3023)
(1553,38.0850,16.8063)
(1554,39.3438,16.4246)
(1555,38.6360,18.5912)
(1556,39.2159,18.4169)
(1557,39.6131,17.8862)
(1558,39.5135,17.2349)
(1559,40.3464,17.9009)
(1560,40.0904,17.4734)
(1561,40.0130,18.0168)
(1562,38.8552,17.8239)
(1563,39.9762,17.7982)
(1564,39.9978,17.0416)
(1565,40.3172,16.7751)
(1566,40.6625,17.3451)
(1567,39.6759,17.4197)
(1568,39.8770,17.0757)
(1569,40.3270,17.8151)
(1570,39.3983,17.6196)
(1571,38.6171,17.4522)
(1572,39.2348,18.2505)
(1573,40.2854,17.2078)
(1574,40.2587,19.6133)
(1575,40.0322,17.8455)
(1576,39.6724,16.2845)
(1577,40.7295,17.0803)
(1578,41.3840,18.8168)
(1579,41.3177,19.0226)
(1580,40.8748,18.6786)
(1581,40.0498,18.3176)
(1582,40.9211,18.3279)
(1583,41.1642,18.7530)
(1584,41.2185,19.4322)
(1585,39.5969,20.2288)
(1586,38.1555,20.6648)
(1587,38.8649,19.5989)
(1588,36.2484,18.7155)
(1589,35.3750,19.4971)
(1590,37.2517,19.2414)
(1591,35.1691,18.1737)
(1592,36.7191,22.5671)
(1593,35.9495,21.5657)
(1594,37.2996,18.6399)
(1595,40.5768,16.4319)
(1596,39.7251,16.1335)
(1597,41.3061,15.9082)
(1598,41.8465,15.8021)
(1599,44.1682,17.4691)
(1600,25.3291,10.9544)
(1601,39.7868,15.1509)
(1602,40.8127,14.3486)
(1603,37.9676,15.3035)
(1604,36.8678,15.3595)
(1605,39.8308,17.0801)
(1606,39.1410,17.5249)
(1607,35.8723,16.2072)
(1608,41.4576,18.8288)
(1609,39.7607,17.9594)
(1610,42.3665,21.2383)
(1611,39.8812,16.5621)
(1612,40.7164,20.9534)
(1613,38.1209,18.1057)
(1614,37.7754,15.2429)
(1615,38.0886,15.1346)
(1616,36.3771,13.7016)
(1617,36.3815,16.2594)
(1618,36.4278,16.0592)
(1619,36.9263,14.5365)
(1620,37.1952,15.4518)
(1621,36.9293,15.1299)
(1622,36.7924,14.8370)
(1623,36.3956,13.7348)
(1624,35.3271,13.5246)
(1625,35.6388,13.1107)
(1626,35.4167,12.7562)
(1627,35.1809,11.4086)
(1628,35.3581,12.1761)
(1629,34.8221,11.9217)
(1630,34.8145,12.0180)
(1631,34.8825,11.9241)
(1632,34.2020,11.1216)
(1633,34.7184,11.5561)
(1634,33.9722,10.8543)
(1635,34.6982,11.6767)
(1636,33.6367,11.3695)
(1637,34.6384,12.2228)
(1638,34.1839,10.3925)
(1639,35.1782,11.8741)
(1640,34.8371,12.5833)
(1641,34.6094,12.1063)
(1642,34.5685,11.9068)
(1643,34.1465,11.4710)
(1644,34.0246,11.5352)
(1645,34.1727,11.8089)
(1646,34.5821,11.6955)
(1647,34.7363,12.0733)
(1648,34.6527,11.6167)
(1649,34.4959,11.4834)
(1650,34.5742,11.2892)
(1651,34.3431,11.4555)
(1652,34.4023,11.7529)
(1653,34.5641,11.5143)
(1654,33.9670,10.9859)
(1655,33.7456,11.0031)
(1656,33.1325,10.5490)
(1657,33.4335,11.3153)
(1658,33.5202,11.1235)
(1659,33.4555,10.8000)
(1660,33.0853,10.7618)
(1661,33.8374,10.6160)
(1662,33.9620,11.1235)
(1663,33.6132,11.1675)
(1664,33.8582,11.5115)
(1665,33.6757,11.4814)
(1666,34.0523,11.2220)
(1667,33.4233,11.0849)
(1668,33.4890,10.9745)
(1669,33.7463,11.0181)
(1670,33.7329,10.4831)
(1671,33.4361,10.6135)
(1672,33.3687,11.0216)
(1673,33.4136,10.5540)
(1674,32.7907,10.8289)
(1675,32.2878,10.7664)
(1676,32.2542,10.7111)
(1677,33.2125,10.8953)
(1678,33.4313,10.4984)
(1679,33.3864,10.3347)
(1680,33.4670,10.8081)
(1681,33.7040,11.0264)
(1682,32.1498,10.9935)
(1683,33.5632,11.5518)
(1684,33.1840,11.0453)
(1685,33.5042,10.7353)
(1686,34.9114,12.1454)
(1687,33.0477,11.1198)
(1688,32.5452,12.3948)
(1689,33.3874,11.6169)
(1690,33.2975,11.7060)
(1691,33.0496,11.7453)
(1692,32.6480,11.9840)
(1693,32.8820,12.6905)
(1694,33.1441,12.7154)
(1695,32.9997,12.7560)
(1696,32.9781,12.7786)
(1697,33.2613,12.0093)
(1698,31.9329,11.5460)
(1699,33.1265,11.5205)
(1700,32.8210,11.8505)
(1701,33.3612,11.8466)
(1702,32.6658,11.4843)
(1703,32.3465,11.4365)
(1704,32.9897,12.0394)
(1705,33.2083,11.9485)
(1706,33.4475,12.8539)
(1707,33.3917,12.3187)
(1708,33.1110,11.7736)
(1709,33.5513,12.2309)
(1710,33.5739,12.8052)
(1711,33.4817,12.1140)
(1712,32.6892,11.9621)
(1713,33.3414,12.0109)
(1714,33.2819,11.8986)
(1715,33.0756,11.5376)
(1716,32.9120,11.7581)
(1717,32.8003,11.9562)
(1718,32.8898,11.6421)
(1719,32.9625,12.0040)
(1720,32.8192,12.0067)
(1721,33.1001,12.1002)
(1722,33.0599,12.1178)
(1723,32.8596,12.3722)
(1724,33.0385,12.5988)
(1725,32.7389,12.5125)
(1726,33.0501,12.4665)
(1727,33.1066,12.5653)
(1728,32.9522,12.6991)
(1729,33.3837,12.9617)
(1730,33.4140,12.7461)
(1731,33.6603,13.1424)
(1732,33.4825,12.9110)
(1733,33.5174,13.1628)
(1734,33.6430,12.9889)
(1735,33.1887,12.6870)
(1736,32.9862,12.7979)
(1737,33.2182,12.8433)
(1738,33.3350,12.6526)
(1739,33.5508,12.7413)
(1740,33.5904,12.8172)
(1741,33.8299,12.7037)
(1742,33.9769,12.8282)
(1743,33.8297,12.1397)
(1744,33.4270,12.2667)
(1745,33.8840,12.7549)
(1746,33.9860,12.8619)
(1747,33.8009,12.7558)
(1748,33.6621,12.7536)
(1749,33.6107,12.7487)
(1750,34.0462,13.0571)
(1751,33.9068,12.8897)
(1752,33.7127,13.3290)
(1753,33.5727,13.7232)
(1754,34.0122,13.8246)
(1755,33.8350,13.5241)
(1756,33.9222,13.3064)
(1757,34.0577,13.6251)
(1758,34.1806,13.6496)
(1759,33.4236,12.7934)
(1760,34.1019,13.6320)
(1761,33.7161,12.6560)
(1762,34.4557,13.8402)
(1763,33.8699,12.8712)
(1764,34.3354,13.6554)
(1765,33.6232,12.6618)
(1766,33.5584,12.6056)
(1767,34.1691,13.3521)
(1768,33.4583,12.5216)
(1769,33.9135,13.1602)
(1770,33.5061,12.5027)
(1771,34.1186,13.3874)
(1772,33.4455,12.6272)
(1773,34.1610,13.9517)
(1774,33.3941,12.5121)
(1775,34.1486,13.6885)
(1776,33.1043,12.4394)
(1777,34.1335,13.6773)
(1778,34.0159,13.5167)
(1779,33.0535,12.8986)
(1780,33.7893,13.1940)
(1781,34.0533,13.2161)
(1782,34.0658,13.2650)
(1783,33.4169,12.6464)
(1784,33.4654,12.2480)
(1785,33.6395,12.3794)
(1786,33.7231,12.4826)
(1787,33.5561,12.5000)
(1788,33.7825,13.2905)
(1789,33.6173,12.3848)
(1790,34.1918,13.6562)
(1791,34.1898,13.2353)
(1792,33.5406,12.3948)
(1793,34.1479,13.6017)
(1794,33.5194,12.3095)
(1795,34.1652,13.4008)
(1796,33.4219,12.2644)
(1797,34.3186,13.1765)
(1798,33.4122,12.1369)
(1799,34.1763,12.7190)
(1800,33.8981,12.7852)
(1801,33.4156,12.1392)
(1802,33.7580,13.1860)
(1803,33.9146,12.8231)
(1804,33.7189,12.7599)
(1805,32.8836,12.1452)
(1806,33.8799,13.3465)
(1807,33.8263,12.4806)
(1808,33.5654,12.5288)
(1809,32.5622,12.1598)
(1810,33.6732,12.8070)
(1811,33.5566,13.5732)
(1812,33.3447,13.7206)
(1813,33.5113,12.6106)
(1814,32.8622,12.6229)
(1815,32.3880,12.3912)
(1816,34.5752,15.4244)
(1817,33.7085,14.2413)
(1818,33.5909,14.2613)
(1819,31.1397,12.1090)
(1820,32.3198,12.4673)
(1821,32.2795,12.1206)
(1822,31.9355,12.1949)
(1823,31.9521,12.3380)
(1824,31.9755,12.3353)
(1825,32.9199,12.4200)
(1826,31.9300,12.3488)
(1827,30.8352,12.2072)
(1828,31.5453,12.5674)
(1829,30.5140,12.1552)
(1830,30.8641,12.2651)
(1831,30.5299,11.9964)
(1832,31.2135,12.3690)
(1833,31.4758,13.3461)
(1834,32.0962,13.1164)
(1835,32.1461,13.4370)
(1836,31.6723,13.1979)
(1837,31.6794,13.3004)
(1838,31.7845,13.1090)
(1839,33.3477,13.6555)
(1840,31.4401,13.0266)
(1841,31.1430,12.3847)
(1842,31.0452,12.8251)
(1843,33.0598,13.6148)
(1844,32.8467,13.9176)
(1845,33.8079,14.5862)
(1846,33.4975,13.5004)
(1847,32.8289,13.4866)
(1848,31.8292,12.5041)
(1849,31.1352,12.4379)
(1850,31.2040,12.4707)
(1851,31.6037,12.6168)
(1852,31.8843,12.5502)
(1853,31.1744,12.5799)
(1854,30.9145,12.7291)
(1855,30.7120,12.3067)
(1856,30.9194,12.5406)
(1857,33.4738,13.2802)
(1858,30.4719,12.1080)
(1859,29.8585,12.1637)
(1860,29.4905,12.1077)
(1861,30.0713,12.4397)
(1862,30.4975,12.4075)
(1863,33.9168,13.3700)
(1864,30.3758,12.5532)
(1865,30.4985,12.6606)
(1866,30.6901,12.6197)
(1867,30.5342,12.7736)
(1868,30.4541,12.2895)
(1869,33.0791,12.7249)
(1870,30.5072,12.8117)
(1871,31.5974,12.7200)
(1872,31.4738,12.8369)
(1873,33.5133,13.4137)
(1874,33.6825,13.3747)
(1875,33.5852,13.4580)
(1876,33.3604,13.7058)
(1877,33.2070,13.6334)
(1878,33.3110,13.5610)
(1879,32.9533,13.3791)
(1880,32.5813,13.4049)
(1881,32.8553,13.4277)
(1882,32.7690,13.3595)
(1883,33.2724,13.4626)
(1884,33.3301,13.4613)
(1885,33.8095,13.2941)
(1886,33.4676,13.2148)
(1887,32.3959,13.0789)
(1888,32.7579,13.3542)
(1889,33.2371,13.1831)
(1890,32.7139,12.7479)
(1891,33.1908,13.2959)
(1892,32.5133,13.1216)
(1893,32.3301,13.2237)
(1894,32.7233,13.0613)
(1895,32.3678,13.4124)
(1896,32.6410,13.3654)
(1897,32.1165,13.0284)
(1898,31.5954,12.8082)
(1899,30.6431,12.1635)
(1900,31.2004,12.4302)
(1901,29.8868,12.1012)
(1902,29.9534,12.2365)
(1903,29.7809,12.2328)
(1904,29.6560,11.7282)
(1905,30.9869,11.8997)
(1906,29.6521,11.2123)
(1907,30.2418,11.2159)
(1908,29.9338,11.3594)
(1909,31.5286,11.7623)
(1910,29.7199,11.6883)
(1911,29.8487,11.7995)
(1912,32.3531,13.1767)
(1913,32.2263,13.5172)
(1914,32.8443,13.8373)
(1915,32.2151,13.8204)
(1916,32.1423,14.1054)
(1917,32.4822,14.2011)
(1918,32.3564,14.3460)
(1919,32.1869,14.0690)
(1920,31.5053,13.9647)
(1921,31.2425,11.8474)
(1922,31.2449,11.8055)
(1923,29.8977,11.4560)
(1924,31.4541,11.9383)
(1925,30.5236,11.7991)
(1926,31.0051,11.7848)
(1927,31.2584,12.2205)
(1928,30.7619,12.0706)
(1929,31.1540,12.2047)
(1930,31.0429,11.6950)
(1931,31.9040,12.6140)
(1932,29.6849,11.7404)
(1933,30.9585,11.9471)
(1934,30.4489,12.2349)
(1935,31.5525,12.1278)
(1936,29.8563,12.1385)
(1937,31.6350,11.9307)
(1938,32.2271,11.5906)
(1939,32.4651,11.3551)
(1940,31.8145,11.9622)
(1941,31.9937,12.3181)
(1942,32.3837,12.1576)
(1943,30.5649,11.7616)
(1944,31.9849,12.2514)
(1945,31.9644,11.7867)
(1946,32.2256,12.1984)
(1947,32.3461,11.9300)
(1948,30.3014,11.1959)
(1949,32.0812,11.4309)
(1950,31.5649,10.9645)
(1951,32.2240,10.9851)
(1952,32.4680,11.4708)
(1953,31.5807,11.3686)
(1954,31.5225,11.4613)
(1955,30.4413,11.9122)
(1956,32.1497,12.2584)
(1957,31.0808,12.0718)
(1958,33.5613,13.2237)
(1959,35.3058,19.0198)
(1960,38.3257,20.3692)
(1961,40.5187,22.0820)
(1962,38.4787,21.7651)
(1963,39.8674,20.3822)
(1964,41.2837,21.1951)
(1965,37.4236,19.9289)
(1966,30.4394,16.9300)
(1967,34.3656,20.3575)
(1968,37.9664,23.0512)
(1969,35.0218,19.6861)
(1970,36.5632,19.8967)
(1971,38.8216,18.8294)
(1972,33.3760,16.5684)
(1973,32.7530,14.7589)
(1974,34.9540,18.5477)
(1975,36.4513,18.2574)
(1976,34.7490,16.2553)
(1977,35.7362,15.1899)
(1978,36.9943,17.6109)
(1979,37.1618,16.5584)
