(1,100)
(2,18.75)
(3,28.90625)
(4,10.9375)
(5,17.96875)
(6,17.96875)
(7,18.75)
(8,18.75)
(9,18.75)
(10,18.75)
(11,19.53125)
(12,14.84375)
(13,17.1875)
(14,18.75)
(15,18.75)
(16,18.75)
(17,17.96875)
(18,18.75)
(19,17.96875)
(20,18.75)
(21,17.96875)
(22,17.96875)
(23,18.75)
(24,16.40625)
(25,17.1875)
(26,20.3125)
(27,16.40625)
(28,15.625)
(29,14.84375)
(30,14.0625)
(31,14.0625)
(32,17.1875)
(33,16.40625)
(34,14.0625)
(35,14.0625)
(36,14.0625)
(37,20.3125)
(38,20.3125)
(39,20.3125)
(40,20.3125)
(41,17.1875)
(42,20.3125)
(43,19.53125)
(44,18.75)
(45,23.4375)
(46,28.90625)
(47,21.09375)
(48,21.09375)
(49,18.75)
(50,19.53125)
(51,23.4375)
(52,21.09375)
(53,18.75)
(54,21.09375)
(55,22.65625)
(56,24.21875)
(57,25.0)
(58,21.09375)
(59,22.65625)
(60,27.34375)
(61,30.46875)
(62,25.0)
(63,24.21875)
(64,19.53125)
(65,21.875)
(66,20.3125)
(67,26.5625)
(68,21.09375)
(69,24.21875)
(70,22.65625)
(71,25.78125)
(72,24.21875)
(73,21.875)
(74,33.59375)
(75,17.96875)
(76,17.96875)
(77,18.75)
(78,18.75)
(79,15.625)
(80,14.0625)
(81,15.625)
(82,15.625)
(83,12.5)
(84,14.84375)
(85,14.0625)
(86,26.5625)
(87,26.5625)
(88,31.25)
(89,32.8125)
(90,28.125)
(91,25.78125)
(92,25.78125)
(93,16.40625)
(94,25.78125)
(95,28.125)
(96,28.125)
(97,16.40625)
(98,27.34375)
(99,31.25)
(100,37.5)
(101,36.71875)
(102,38.28125)
(103,38.28125)
(104,36.71875)
(105,30.46875)
(106,33.59375)
(107,31.25)
(108,31.25)
(109,34.375)
(110,35.15625)
(111,35.9375)
(112,32.03125)
(113,37.5)
(114,37.5)
(115,35.15625)
(116,44.53125)
(117,36.71875)
(118,42.1875)
(119,35.9375)
(120,40.625)
(121,36.71875)
(122,36.71875)
(123,35.9375)
(124,35.9375)
(125,35.9375)
(126,38.28125)
(127,36.71875)
(128,37.5)
(129,35.9375)
(130,35.9375)
(131,38.28125)
(132,37.5)
(133,36.71875)
(134,35.9375)
(135,36.71875)
(136,37.5)
(137,36.71875)
(138,35.9375)
(139,36.71875)
(140,36.71875)
(141,32.8125)
(142,32.03125)
(143,37.5)
(144,36.71875)
(145,38.28125)
(146,39.84375)
(147,39.0625)
(148,43.75)
(149,41.40625)
(150,39.84375)
(151,43.75)
(152,33.59375)
(153,29.6875)
(154,34.375)
(155,35.15625)
(156,33.59375)
(157,35.9375)
(158,34.375)
(159,34.375)
(160,36.71875)
(161,37.5)
(162,34.375)
(163,38.28125)
(164,39.0625)
(165,40.625)
(166,46.09375)
(167,44.53125)
(168,42.96875)
(169,39.84375)
(170,41.40625)
(171,42.96875)
(172,35.15625)
(173,35.9375)
(174,37.5)
(175,38.28125)
(176,39.84375)
(177,37.5)
(178,38.28125)
(179,36.71875)
(180,35.15625)
(181,34.375)
(182,32.8125)
(183,37.5)
(184,39.84375)
(185,42.96875)
(186,42.96875)
(187,41.40625)
(188,43.75)
(189,47.65625)
(190,46.875)
(191,34.375)
(192,34.375)
(193,37.5)
(194,35.15625)
(195,34.375)
(196,30.46875)
(197,39.84375)
(198,34.375)
(199,35.9375)
(200,28.90625)
(201,35.15625)
(202,35.15625)
(203,27.34375)
(204,46.875)
(205,36.71875)
(206,35.9375)
(207,46.09375)
(208,37.5)
(209,35.9375)
(210,41.40625)
(211,44.53125)
(212,44.53125)
(213,46.09375)
(214,34.375)
(215,39.0625)
(216,38.28125)
(217,39.84375)
(218,36.71875)
(219,34.375)
(220,33.59375)
(221,25.0)
(222,36.71875)
(223,35.15625)
(224,35.15625)
(225,33.59375)
(226,30.46875)
(227,30.46875)
(228,29.6875)
(229,28.90625)
(230,30.46875)
(231,25.78125)
(232,30.46875)
(233,29.6875)
(234,28.90625)
(235,28.90625)
(236,24.21875)
(237,30.46875)
(238,25.78125)
(239,23.4375)
(240,28.90625)
(241,29.6875)
(242,29.6875)
(243,28.90625)
(244,30.46875)
(245,30.46875)
(246,28.90625)
(247,28.90625)
(248,28.90625)
(249,28.90625)
(250,28.90625)
(251,30.46875)
(252,28.125)
(253,28.125)
(254,28.125)
(255,28.125)
(256,10.9375)
(257,21.875)
(258,25.0)
(259,9.375)
(260,32.8125)
(261,27.34375)
(262,40.625)
(263,42.1875)
(264,22.65625)
(265,21.875)
(266,5.46875)
(267,21.875)
(268,21.875)
(269,21.875)
(270,20.3125)
(271,27.34375)
(272,29.6875)
(273,29.6875)
(274,29.6875)
(275,28.90625)
(276,31.25)
(277,32.03125)
(278,29.6875)
(279,28.90625)
(280,27.34375)
(281,28.125)
(282,28.125)
(283,24.21875)
(284,19.53125)
(285,15.625)
(286,10.9375)
(287,21.875)
(288,21.875)
(289,25.78125)
(290,29.6875)
(291,25.78125)
(292,30.46875)
(293,28.90625)
(294,26.5625)
(295,22.65625)
(296,25.78125)
(297,10.15625)
(298,26.5625)
(299,25.78125)
(300,14.0625)
(301,32.03125)
(302,32.8125)
(303,25.78125)
(304,15.625)
(305,15.625)
(306,15.625)
(307,30.46875)
(308,28.125)
(309,24.21875)
(310,22.65625)
(311,26.5625)
(312,17.1875)
(313,10.9375)
(314,11.71875)
(315,19.53125)
(316,14.84375)
(317,20.3125)
(318,10.9375)
(319,27.34375)
(320,20.3125)
(321,27.34375)
(322,14.0625)
(323,21.875)
(324,21.875)
(325,19.53125)
(326,11.71875)
(327,17.96875)
(328,19.53125)
(329,17.96875)
(330,17.1875)
(331,17.1875)
(332,22.65625)
(333,7.03125)
(334,25.0)
(335,23.4375)
(336,25.0)
(337,21.875)
(338,14.0625)
(339,7.8125)
(340,18.75)
(341,27.34375)
(342,8.59375)
(343,17.96875)
(344,25.78125)
(345,24.21875)
(346,25.0)
(347,17.1875)
(348,12.5)
(349,9.375)
(350,17.96875)
(351,10.15625)
(352,10.15625)
(353,16.40625)
(354,10.15625)
(355,17.1875)
(356,26.5625)
(357,14.84375)
(358,29.6875)
(359,35.9375)
(360,33.59375)
(361,32.8125)
(362,31.25)
(363,33.59375)
(364,33.59375)
(365,31.25)
(366,27.34375)
(367,27.34375)
(368,32.03125)
(369,32.03125)
(370,31.25)
(371,27.34375)
(372,26.5625)
(373,25.78125)
(374,30.46875)
(375,31.25)
(376,26.5625)
(377,28.125)
(378,25.0)
(379,23.4375)
(380,21.875)
(381,17.1875)
(382,39.84375)
(383,35.9375)
(384,36.71875)
(385,34.375)
(386,33.59375)
(387,18.75)
(388,32.8125)
(389,35.15625)
(390,35.9375)
(391,34.375)
(392,32.8125)
(393,23.4375)
(394,25.0)
(395,16.40625)
(396,16.40625)
(397,17.96875)
(398,20.3125)
(399,21.09375)
(400,20.3125)
(401,23.4375)
(402,22.65625)
(403,28.90625)
(404,28.125)
(405,28.125)
(406,38.28125)
(407,36.71875)
(408,37.5)
(409,38.28125)
(410,38.28125)
(411,34.375)
(412,37.5)
(413,39.0625)
(414,39.84375)
(415,39.84375)
(416,28.90625)
(417,34.375)
(418,32.8125)
(419,40.625)
(420,41.40625)
(421,41.40625)
(422,39.84375)
(423,42.96875)
(424,42.1875)
(425,40.625)
(426,38.28125)
(427,37.5)
(428,37.5)
(429,36.71875)
(430,36.71875)
(431,39.84375)
(432,39.84375)
(433,39.84375)
(434,40.625)
(435,39.0625)
(436,39.0625)
(437,38.28125)
(438,37.5)
(439,37.5)
(440,36.71875)
(441,35.9375)
(442,37.5)
(443,36.71875)
(444,35.9375)
(445,35.9375)
(446,35.9375)
(447,35.15625)
(448,35.15625)
(449,36.71875)
(450,35.9375)
(451,36.71875)
(452,37.5)
(453,37.5)
(454,37.5)
(455,36.71875)
(456,35.15625)
(457,35.9375)
(458,35.9375)
(459,35.9375)
(460,36.71875)
(461,36.71875)
(462,36.71875)
(463,35.15625)
(464,35.15625)
(465,35.9375)
(466,35.15625)
(467,35.15625)
(468,34.375)
(469,34.375)
(470,35.15625)
(471,34.375)
(472,35.15625)
(473,35.9375)
(474,35.15625)
(475,35.9375)
(476,35.15625)
(477,34.375)
(478,34.375)
(479,34.375)
(480,35.9375)
(481,35.15625)
(482,35.15625)
(483,34.375)
(484,34.375)
(485,35.15625)
(486,35.15625)
(487,34.375)
(488,34.375)
(489,34.375)
(490,34.375)
(491,34.375)
(492,34.375)
(493,35.9375)
(494,34.375)
(495,35.15625)
(496,35.15625)
(497,34.375)
(498,34.375)
(499,34.375)
(500,34.375)
(501,34.375)
(502,34.375)
(503,34.375)
(504,34.375)
(505,34.375)
(506,34.375)
(507,34.375)
(508,36.71875)
(509,35.9375)
(510,37.5)
(511,35.9375)
(512,35.9375)
(513,35.15625)
(514,33.59375)
(515,33.59375)
(516,33.59375)
(517,34.375)
(518,34.375)
(519,35.15625)
(520,35.9375)
(521,36.71875)
(522,35.9375)
(523,32.8125)
(524,35.9375)
(525,33.59375)
(526,32.8125)
(527,37.5)
(528,23.4375)
(529,34.375)
(530,28.90625)
(531,3.125)
(532,19.53125)
(533,21.09375)
(534,34.375)
(535,26.5625)
(536,33.59375)
(537,32.8125)
(538,36.71875)
(539,35.9375)
(540,35.9375)
(541,36.71875)
(542,37.5)
(543,37.5)
(544,37.5)
(545,36.71875)
(546,36.71875)
(547,37.5)
(548,36.71875)
(549,36.71875)
(550,35.9375)
(551,34.375)
(552,33.59375)
(553,32.8125)
(554,41.40625)
(555,25.78125)
(556,32.8125)
(557,21.875)
(558,16.40625)
(559,16.40625)
(560,15.625)
(561,33.59375)
(562,17.96875)
(563,24.21875)
(564,33.59375)
(565,32.03125)
(566,30.46875)
(567,29.6875)
(568,30.46875)
(569,28.90625)
(570,14.84375)
(571,29.6875)
(572,14.0625)
(573,22.65625)
(574,29.6875)
(575,20.3125)
(576,16.40625)
(577,27.34375)
(578,32.8125)
(579,10.15625)
(580,31.25)
(581,28.125)
(582,30.46875)
(583,31.25)
(584,16.40625)
(585,31.25)
(586,19.53125)
(587,14.0625)
(588,28.125)
(589,16.40625)
(590,25.78125)
(591,14.84375)
(592,14.0625)
(593,15.625)
(594,8.59375)
(595,12.5)
(596,26.5625)
(597,14.84375)
(598,10.9375)
(599,28.90625)
(600,27.34375)
(601,27.34375)
(602,21.875)
(603,24.21875)
(604,25.78125)
(605,14.84375)
(606,40.625)
(607,34.375)
(608,46.875)
(609,40.625)
(610,45.3125)
(611,31.25)
(612,30.46875)
(613,32.8125)
(614,32.8125)
(615,32.03125)
(616,36.71875)
(617,36.71875)
(618,39.84375)
(619,37.5)
(620,36.71875)
(621,38.28125)
(622,39.0625)
(623,32.8125)
(624,35.9375)
(625,35.9375)
(626,38.28125)
(627,34.375)
(628,42.1875)
(629,41.40625)
(630,39.0625)
(631,39.0625)
(632,39.0625)
(633,33.59375)
(634,34.375)
(635,39.0625)
(636,38.28125)
(637,35.9375)
(638,37.5)
(639,37.5)
(640,34.375)
(641,16.40625)
(642,39.0625)
(643,18.75)
(644,19.53125)
(645,13.28125)
(646,10.15625)
(647,41.40625)
(648,16.40625)
(649,15.625)
(650,35.15625)
(651,35.15625)
(652,35.15625)
(653,34.375)
(654,32.8125)
(655,21.875)
(656,16.40625)
(657,16.40625)
(658,17.1875)
(659,20.3125)
(660,21.09375)
(661,26.5625)
(662,18.75)
(663,23.4375)
(664,21.875)
(665,24.21875)
(666,27.34375)
(667,45.3125)
(668,34.375)
(669,32.03125)
(670,40.625)
(671,37.5)
(672,36.71875)
(673,37.5)
(674,38.28125)
(675,37.5)
(676,33.59375)
(677,36.71875)
(678,37.5)
(679,39.0625)
(680,37.5)
(681,36.71875)
(682,36.71875)
(683,34.375)
(684,35.9375)
(685,35.15625)
(686,30.46875)
(687,32.03125)
(688,32.03125)
(689,24.21875)
(690,28.125)
(691,23.4375)
(692,20.3125)
(693,30.46875)
(694,12.5)
(695,27.34375)
(696,12.5)
(697,14.0625)
(698,28.125)
(699,27.34375)
(700,35.9375)
(701,35.15625)
(702,27.34375)
(703,25.78125)
(704,25.0)
(705,32.03125)
(706,32.03125)
(707,32.03125)
(708,33.59375)
(709,35.9375)
(710,31.25)
(711,34.375)
(712,34.375)
(713,35.15625)
(714,32.03125)
(715,28.125)
(716,29.6875)
(717,30.46875)
(718,27.34375)
(719,25.0)
(720,17.96875)
(721,18.75)
(722,6.25)
(723,25.78125)
(724,17.1875)
(725,23.4375)
(726,19.53125)
(727,14.84375)
(728,22.65625)
(729,17.1875)
(730,17.1875)
(731,21.09375)
(732,19.53125)
(733,21.09375)
(734,11.71875)
(735,23.4375)
(736,26.5625)
(737,22.65625)
(738,17.1875)
(739,26.5625)
(740,34.375)
(741,35.15625)
(742,14.0625)
(743,26.5625)
(744,19.53125)
(745,19.53125)
(746,33.59375)
(747,21.09375)
(748,31.25)
(749,35.9375)
(750,28.125)
(751,32.03125)
(752,25.0)
(753,34.375)
(754,34.375)
(755,37.5)
(756,33.59375)
(757,46.875)
(758,46.875)
(759,43.75)
(760,46.09375)
(761,46.875)
(762,44.53125)
(763,21.09375)
(764,25.78125)
(765,19.53125)
(766,32.8125)
(767,24.21875)
(768,49.21875)
(769,51.5625)
(770,25.78125)
(771,23.4375)
(772,26.5625)
(773,28.125)
(774,28.125)
(775,32.8125)
(776,12.5)
(777,17.1875)
(778,13.28125)
(779,15.625)
(780,14.0625)
(781,14.0625)
(782,14.0625)
(783,14.84375)
(784,14.0625)
(785,13.28125)
(786,14.84375)
(787,14.84375)
(788,10.9375)
(789,10.15625)
(790,14.84375)
(791,14.0625)
(792,11.71875)
(793,11.71875)
(794,14.0625)
(795,15.625)
(796,10.9375)
(797,12.5)
(798,11.71875)
(799,13.28125)
(800,12.5)
(801,14.84375)
(802,20.3125)
(803,17.96875)
(804,23.4375)
(805,19.53125)
(806,18.75)
(807,21.09375)
(808,24.21875)
(809,13.28125)
(810,21.09375)
(811,18.75)
(812,19.53125)
(813,10.9375)
(814,21.875)
(815,19.53125)
(816,20.3125)
(817,14.0625)
(818,11.71875)
(819,11.71875)
(820,12.5)
(821,25.78125)
(822,35.15625)
(823,34.375)
(824,32.03125)
(825,28.90625)
(826,32.8125)
(827,32.03125)
(828,32.03125)
(829,32.8125)
(830,32.8125)
(831,30.46875)
(832,32.8125)
(833,25.0)
(834,25.78125)
(835,25.78125)
(836,21.09375)
(837,22.65625)
(838,24.21875)
(839,21.875)
(840,21.09375)
(841,19.53125)
(842,37.5)
(843,34.375)
(844,36.71875)
(845,35.15625)
(846,32.8125)
(847,35.15625)
(848,34.375)
(849,32.03125)
(850,32.03125)
(851,31.25)
(852,25.78125)
(853,28.125)
(854,28.125)
(855,24.21875)
(856,23.4375)
(857,34.375)
(858,39.84375)
(859,39.84375)
(860,37.5)
(861,41.40625)
(862,39.0625)
(863,38.28125)
(864,35.9375)
(865,35.15625)
(866,37.5)
(867,33.59375)
(868,32.8125)
(869,33.59375)
(870,32.8125)
(871,32.8125)
(872,35.15625)
(873,34.375)
(874,35.9375)
(875,35.9375)
(876,38.28125)
(877,40.625)
(878,39.84375)
(879,38.28125)
(880,34.375)
(881,33.59375)
(882,32.03125)
(883,32.03125)
(884,36.71875)
(885,35.15625)
(886,33.59375)
(887,28.125)
(888,31.25)
(889,18.75)
(890,35.15625)
(891,34.375)
(892,33.59375)
(893,35.15625)
(894,35.9375)
(895,35.9375)
(896,36.71875)
(897,38.28125)
(898,39.0625)
(899,41.40625)
(900,39.0625)
(901,38.28125)
(902,39.84375)
(903,34.375)
(904,32.8125)
(905,36.71875)
(906,39.0625)
(907,39.0625)
(908,38.28125)
(909,39.0625)
(910,38.28125)
(911,39.0625)
(912,17.1875)
(913,35.9375)
(914,38.28125)
(915,36.71875)
(916,35.15625)
(917,32.8125)
(918,33.59375)
(919,33.59375)
(920,34.375)
(921,34.375)
(922,32.8125)
(923,36.71875)
(924,35.15625)
(925,32.8125)
(926,34.375)
(927,38.28125)
(928,37.5)
(929,36.71875)
(930,35.15625)
(931,35.15625)
(932,35.15625)
(933,32.03125)
(934,32.03125)
(935,32.03125)
(936,33.59375)
(937,35.15625)
(938,33.59375)
(939,32.03125)
(940,31.25)
(941,32.03125)
(942,35.9375)
(943,39.0625)
(944,39.0625)
(945,37.5)
(946,37.5)
(947,37.5)
(948,34.375)
(949,35.15625)
(950,33.59375)
(951,32.8125)
(952,34.375)
(953,33.59375)
(954,35.15625)
(955,33.59375)
(956,35.15625)
(957,35.15625)
(958,35.9375)
(959,32.8125)
(960,32.8125)
(961,32.03125)
(962,28.125)
(963,28.125)
(964,32.03125)
(965,28.90625)
(966,30.46875)
(967,32.03125)
(968,29.6875)
(969,29.6875)
(970,28.90625)
(971,33.59375)
(972,29.6875)
(973,34.375)
(974,28.125)
(975,34.375)
(976,30.46875)
(977,30.46875)
(978,28.125)
(979,27.34375)
(980,29.6875)
(981,26.5625)
(982,30.46875)
(983,27.34375)
(984,26.5625)
(985,26.5625)
(986,26.5625)
(987,21.875)
(988,24.21875)
(989,25.78125)
(990,24.21875)
(991,24.21875)
(992,25.0)
(993,25.0)
(994,24.21875)
(995,25.0)
(996,16.40625)
(997,22.65625)
(998,23.4375)
(999,17.96875)
(1000,16.40625)
(1001,22.65625)
(1002,26.5625)
(1003,26.5625)
(1004,27.34375)
(1005,20.3125)
(1006,25.0)
(1007,25.0)
(1008,25.0)
(1009,25.78125)
(1010,25.78125)
(1011,17.96875)
(1012,25.0)
(1013,24.21875)
(1014,16.40625)
(1015,13.28125)
(1016,14.84375)
(1017,11.71875)
(1018,13.28125)
(1019,27.34375)
(1020,17.1875)
(1021,23.4375)
(1022,20.3125)
(1023,17.96875)
(1024,24.21875)
(1025,22.65625)
(1026,27.34375)
(1027,17.96875)
(1028,23.4375)
(1029,25.78125)
(1030,19.53125)
(1031,28.125)
(1032,20.3125)
(1033,25.0)
(1034,25.78125)
(1035,22.65625)
(1036,19.53125)
(1037,23.4375)
(1038,23.4375)
(1039,24.21875)
(1040,16.40625)
(1041,23.4375)
(1042,20.3125)
(1043,24.21875)
(1044,25.78125)
(1045,21.875)
(1046,23.4375)
(1047,25.78125)
(1048,19.53125)
(1049,27.34375)
(1050,29.6875)
(1051,29.6875)
(1052,25.0)
(1053,32.03125)
(1054,21.875)
(1055,25.78125)
(1056,28.125)
(1057,28.90625)
(1058,28.125)
(1059,26.5625)
(1060,23.4375)
(1061,20.3125)
(1062,19.53125)
(1063,31.25)
(1064,24.21875)
(1065,27.34375)
(1066,30.46875)
(1067,30.46875)
(1068,28.125)
(1069,26.5625)
(1070,35.9375)
(1071,33.59375)
(1072,32.03125)
(1073,31.25)
(1074,33.59375)
(1075,32.8125)
(1076,32.8125)
(1077,32.8125)
(1078,31.25)
(1079,32.8125)
(1080,32.03125)
(1081,30.46875)
(1082,28.90625)
(1083,25.0)
(1084,32.8125)
(1085,29.6875)
(1086,27.34375)
(1087,28.90625)
(1088,30.46875)
(1089,26.5625)
(1090,20.3125)
(1091,26.5625)
(1092,27.34375)
(1093,26.5625)
(1094,26.5625)
(1095,28.125)
(1096,28.90625)
(1097,30.46875)
(1098,32.03125)
(1099,28.125)
(1100,25.0)
(1101,29.6875)
(1102,32.8125)
(1103,32.03125)
(1104,26.5625)
(1105,22.65625)
(1106,21.875)
(1107,22.65625)
(1108,19.53125)
(1109,15.625)
(1110,27.34375)
(1111,29.6875)
(1112,25.78125)
(1113,12.5)
(1114,14.84375)
(1115,13.28125)
(1116,11.71875)
(1117,12.5)
(1118,13.28125)
(1119,22.65625)
(1120,14.0625)
(1121,27.34375)
(1122,22.65625)
(1123,18.75)
(1124,21.09375)
(1125,21.875)
(1126,22.65625)
(1127,24.21875)
(1128,20.3125)
(1129,20.3125)
(1130,18.75)
(1131,18.75)
(1132,18.75)
(1133,20.3125)
(1134,20.3125)
(1135,17.1875)
(1136,18.75)
(1137,18.75)
(1138,18.75)
(1139,16.40625)
(1140,17.96875)
(1141,19.53125)
(1142,7.8125)
(1143,14.84375)
(1144,17.96875)
(1145,20.3125)
(1146,21.09375)
(1147,18.75)
(1148,10.15625)
(1149,14.84375)
(1150,10.15625)
(1151,14.84375)
(1152,14.84375)
(1153,14.84375)
(1154,18.75)
(1155,17.96875)
(1156,17.1875)
(1157,14.84375)
(1158,21.09375)
(1159,21.09375)
(1160,8.59375)
(1161,18.75)
(1162,19.53125)
(1163,21.875)
(1164,18.75)
(1165,17.96875)
(1166,16.40625)
(1167,16.40625)
(1168,21.875)
(1169,21.09375)
(1170,9.375)
(1171,21.09375)
(1172,21.875)
(1173,21.875)
(1174,18.75)
(1175,21.09375)
(1176,24.21875)
(1177,27.34375)
(1178,27.34375)
(1179,27.34375)
(1180,26.5625)
(1181,27.34375)
(1182,30.46875)
(1183,28.90625)
(1184,28.90625)
(1185,27.34375)
(1186,27.34375)
(1187,28.90625)
(1188,28.90625)
(1189,27.34375)
(1190,27.34375)
(1191,27.34375)
(1192,27.34375)
(1193,26.5625)
(1194,21.09375)
(1195,25.0)
(1196,21.875)
(1197,22.65625)
(1198,17.1875)
(1199,21.875)
(1200,17.96875)
(1201,16.40625)
(1202,15.625)
(1203,20.3125)
(1204,18.75)
(1205,21.875)
(1206,22.65625)
(1207,24.21875)
(1208,25.78125)
(1209,22.65625)
(1210,21.09375)
(1211,21.875)
(1212,26.5625)
(1213,24.21875)
(1214,26.5625)
(1215,25.78125)
(1216,28.90625)
(1217,17.1875)
(1218,18.75)
(1219,16.40625)
(1220,10.15625)
(1221,14.0625)
(1222,10.15625)
(1223,11.71875)
(1224,17.96875)
(1225,14.84375)
(1226,10.9375)
(1227,12.5)
(1228,18.75)
(1229,10.15625)
(1230,12.5)
(1231,13.28125)
(1232,20.3125)
(1233,10.9375)
(1234,14.84375)
(1235,35.9375)
(1236,45.3125)
(1237,35.15625)
(1238,36.71875)
(1239,37.5)
(1240,36.71875)
(1241,36.71875)
(1242,37.5)
(1243,32.03125)
(1244,31.25)
(1245,32.03125)
(1246,31.25)
(1247,29.6875)
(1248,49.21875)
(1249,47.65625)
(1250,46.09375)
(1251,46.875)
(1252,50.78125)
(1253,49.21875)
(1254,46.09375)
(1255,49.21875)
(1256,32.8125)
(1257,33.59375)
(1258,42.96875)
(1259,42.96875)
(1260,43.75)
(1261,46.09375)
(1262,46.09375)
(1263,46.09375)
(1264,47.65625)
(1265,49.21875)
(1266,46.875)
(1267,46.875)
(1268,43.75)
(1269,46.09375)
(1270,36.71875)
(1271,37.5)
(1272,39.0625)
(1273,34.375)
(1274,35.15625)
(1275,34.375)
(1276,34.375)
(1277,35.15625)
(1278,34.375)
(1279,32.8125)
(1280,32.03125)
(1281,32.03125)
(1282,30.46875)
(1283,33.59375)
(1284,32.03125)
(1285,32.8125)
(1286,35.15625)
(1287,34.375)
(1288,33.59375)
(1289,32.03125)
(1290,31.25)
(1291,32.03125)
(1292,32.8125)
(1293,34.375)
(1294,35.15625)
(1295,35.9375)
(1296,35.9375)
(1297,37.5)
(1298,46.875)
(1299,35.9375)
(1300,36.71875)
(1301,39.0625)
(1302,36.71875)
(1303,37.5)
(1304,37.5)
(1305,37.5)
(1306,37.5)
(1307,38.28125)
(1308,37.5)
(1309,37.5)
(1310,38.28125)
(1311,36.71875)
(1312,37.5)
(1313,35.9375)
(1314,35.15625)
(1315,36.71875)
(1316,36.71875)
(1317,36.71875)
(1318,35.9375)
(1319,36.71875)
(1320,36.71875)
(1321,36.71875)
(1322,35.9375)
(1323,35.9375)
(1324,35.15625)
(1325,36.71875)
(1326,35.9375)
(1327,36.71875)
(1328,37.5)
(1329,37.5)
(1330,37.5)
(1331,36.71875)
(1332,38.28125)
(1333,38.28125)
(1334,37.5)
(1335,36.71875)
(1336,38.28125)
(1337,37.5)
(1338,37.5)
(1339,37.5)
(1340,37.5)
(1341,37.5)
(1342,37.5)
(1343,37.5)
(1344,36.71875)
(1345,35.9375)
(1346,35.9375)
(1347,35.9375)
(1348,35.9375)
(1349,36.71875)
(1350,36.71875)
(1351,35.9375)
(1352,35.9375)
(1353,36.71875)
(1354,35.9375)
(1355,36.71875)
(1356,36.71875)
(1357,36.71875)
(1358,36.71875)
(1359,36.71875)
(1360,37.5)
(1361,37.5)
(1362,38.28125)
(1363,38.28125)
(1364,38.28125)
(1365,36.71875)
(1366,35.9375)
(1367,35.9375)
(1368,35.9375)
(1369,35.9375)
(1370,35.9375)
(1371,34.375)
(1372,34.375)
(1373,34.375)
(1374,33.59375)
(1375,32.8125)
(1376,33.59375)
(1377,33.59375)
(1378,33.59375)
(1379,32.8125)
(1380,32.8125)
(1381,33.59375)
(1382,32.8125)
(1383,32.03125)
(1384,32.8125)
(1385,32.8125)
(1386,33.59375)
(1387,33.59375)
(1388,35.15625)
(1389,33.59375)
(1390,35.15625)
(1391,34.375)
(1392,34.375)
(1393,34.375)
(1394,34.375)
(1395,34.375)
(1396,35.9375)
(1397,35.9375)
(1398,36.71875)
(1399,35.9375)
(1400,35.15625)
(1401,35.9375)
(1402,35.9375)
(1403,35.15625)
(1404,36.71875)
(1405,36.71875)
(1406,37.5)
(1407,37.5)
(1408,37.5)
(1409,35.9375)
(1410,37.5)
(1411,35.9375)
(1412,35.9375)
(1413,35.9375)
(1414,35.15625)
(1415,35.15625)
(1416,34.375)
(1417,34.375)
(1418,35.9375)
(1419,35.9375)
(1420,36.71875)
(1421,35.9375)
(1422,36.71875)
(1423,37.5)
(1424,35.9375)
(1425,35.9375)
(1426,35.15625)
(1427,34.375)
(1428,35.15625)
(1429,35.15625)
(1430,35.15625)
(1431,35.9375)
(1432,34.375)
(1433,34.375)
(1434,35.9375)
(1435,35.15625)
(1436,36.71875)
(1437,35.9375)
(1438,35.9375)
(1439,35.9375)
(1440,35.15625)
(1441,35.9375)
(1442,35.15625)
(1443,35.15625)
(1444,35.15625)
(1445,35.15625)
(1446,35.9375)
(1447,35.15625)
(1448,35.15625)
(1449,35.15625)
(1450,35.15625)
(1451,35.9375)
(1452,35.15625)
(1453,35.15625)
(1454,35.15625)
(1455,35.15625)
(1456,35.15625)
(1457,35.9375)
(1458,35.9375)
(1459,33.59375)
(1460,35.15625)
(1461,35.9375)
(1462,36.71875)
(1463,36.71875)
(1464,36.71875)
(1465,36.71875)
(1466,36.71875)
(1467,36.71875)
(1468,36.71875)
(1469,36.71875)
(1470,36.71875)
(1471,36.71875)
(1472,36.71875)
(1473,35.9375)
(1474,35.15625)
(1475,35.9375)
(1476,34.375)
(1477,33.59375)
(1478,33.59375)
(1479,35.15625)
(1480,32.8125)
(1481,32.8125)
(1482,32.8125)
(1483,34.375)
(1484,34.375)
(1485,35.15625)
(1486,35.15625)
(1487,35.9375)
(1488,33.59375)
(1489,34.375)
(1490,35.15625)
(1491,35.15625)
(1492,35.15625)
(1493,35.15625)
(1494,35.15625)
(1495,34.375)
(1496,35.15625)
(1497,35.9375)
(1498,35.9375)
(1499,36.71875)
(1500,35.9375)
(1501,33.59375)
(1502,33.59375)
(1503,34.375)
(1504,34.375)
(1505,34.375)
(1506,37.5)
(1507,38.28125)
(1508,38.28125)
(1509,39.84375)
(1510,41.40625)
(1511,41.40625)
(1512,43.75)
(1513,45.3125)
(1514,42.96875)
(1515,44.53125)
(1516,46.875)
(1517,45.3125)
(1518,45.3125)
(1519,44.53125)
(1520,42.1875)
(1521,41.40625)
(1522,38.28125)
(1523,34.375)
(1524,33.59375)
(1525,35.15625)
(1526,33.59375)
(1527,34.375)
(1528,25.0)
(1529,23.4375)
(1530,24.21875)
(1531,21.875)
(1532,23.4375)
(1533,25.78125)
(1534,25.0)
(1535,25.78125)
(1536,27.34375)
(1537,25.0)
(1538,39.84375)
(1539,39.0625)
(1540,35.9375)
(1541,38.28125)
(1542,39.0625)
(1543,39.84375)
(1544,39.0625)
(1545,35.9375)
(1546,38.28125)
(1547,37.5)
(1548,36.71875)
(1549,35.9375)
(1550,36.71875)
(1551,36.71875)
(1552,35.15625)
(1553,34.375)
(1554,35.9375)
(1555,38.28125)
(1556,25.78125)
(1557,23.4375)
(1558,38.28125)
(1559,37.5)
(1560,25.0)
(1561,25.0)
(1562,35.9375)
(1563,25.78125)
(1564,25.78125)
(1565,26.5625)
(1566,27.34375)
(1567,29.6875)
(1568,27.34375)
(1569,28.125)
(1570,39.0625)
(1571,39.0625)
(1572,38.28125)
(1573,39.84375)
(1574,39.0625)
(1575,35.9375)
(1576,36.71875)
(1577,37.5)
(1578,37.5)
(1579,39.0625)
(1580,21.875)
(1581,37.5)
(1582,35.15625)
(1583,33.59375)
(1584,32.8125)
(1585,33.59375)
(1586,32.8125)
(1587,32.03125)
(1588,33.59375)
(1589,36.71875)
(1590,38.28125)
(1591,38.28125)
(1592,39.84375)
(1593,40.625)
(1594,39.0625)
(1595,38.28125)
(1596,28.90625)
(1597,37.5)
(1598,35.9375)
(1599,32.8125)
(1600,35.15625)
(1601,34.375)
(1602,36.71875)
(1603,39.84375)
(1604,40.625)
(1605,46.09375)
(1606,41.40625)
(1607,41.40625)
(1608,37.5)
(1609,33.59375)
(1610,34.375)
(1611,32.8125)
(1612,35.9375)
(1613,35.9375)
(1614,37.5)
(1615,39.84375)
(1616,39.84375)
(1617,39.0625)
(1618,39.84375)
(1619,39.0625)
(1620,40.625)
(1621,39.84375)
(1622,38.28125)
(1623,39.84375)
(1624,39.0625)
(1625,39.0625)
(1626,39.84375)
(1627,40.625)
(1628,39.0625)
(1629,40.625)
(1630,39.84375)
(1631,39.84375)
(1632,40.625)
(1633,41.40625)
(1634,41.40625)
(1635,41.40625)
(1636,41.40625)
(1637,42.1875)
(1638,41.40625)
(1639,42.1875)
(1640,42.1875)
(1641,42.1875)
(1642,42.1875)
(1643,41.40625)
(1644,42.1875)
(1645,42.1875)
(1646,42.1875)
(1647,42.1875)
(1648,42.1875)
(1649,42.1875)
(1650,41.40625)
(1651,41.40625)
(1652,41.40625)
(1653,41.40625)
(1654,41.40625)
(1655,41.40625)
(1656,41.40625)
(1657,41.40625)
(1658,41.40625)
(1659,41.40625)
(1660,41.40625)
(1661,42.1875)
(1662,40.625)
(1663,40.625)
(1664,41.40625)
(1665,41.40625)
(1666,41.40625)
(1667,41.40625)
(1668,41.40625)
(1669,41.40625)
(1670,42.1875)
(1671,41.40625)
(1672,42.1875)
(1673,42.1875)
(1674,41.40625)
(1675,41.40625)
(1676,42.1875)
(1677,42.1875)
(1678,42.1875)
(1679,42.1875)
(1680,42.1875)
(1681,42.1875)
(1682,41.40625)
(1683,42.96875)
(1684,42.1875)
(1685,43.75)
(1686,42.96875)
(1687,41.40625)
(1688,40.625)
(1689,41.40625)
(1690,40.625)
(1691,40.625)
(1692,41.40625)
(1693,41.40625)
(1694,41.40625)
(1695,41.40625)
(1696,42.1875)
(1697,42.1875)
(1698,42.1875)
(1699,42.1875)
(1700,42.1875)
(1701,42.1875)
(1702,42.1875)
(1703,42.96875)
(1704,42.1875)
(1705,42.96875)
(1706,42.1875)
(1707,42.1875)
(1708,41.40625)
(1709,39.84375)
(1710,42.96875)
(1711,42.1875)
(1712,42.96875)
(1713,40.625)
(1714,42.1875)
(1715,42.1875)
(1716,42.96875)
(1717,42.1875)
(1718,42.96875)
(1719,42.96875)
(1720,42.96875)
(1721,43.75)
(1722,42.96875)
(1723,42.96875)
(1724,42.1875)
(1725,41.40625)
(1726,42.1875)
(1727,42.1875)
(1728,42.1875)
(1729,42.1875)
(1730,42.1875)
(1731,42.1875)
(1732,42.1875)
(1733,42.1875)
(1734,42.1875)
(1735,42.1875)
(1736,42.1875)
(1737,42.1875)
(1738,42.1875)
(1739,42.96875)
(1740,42.96875)
(1741,42.96875)
(1742,42.96875)
(1743,42.96875)
(1744,43.75)
(1745,42.96875)
(1746,42.1875)
(1747,42.96875)
(1748,42.1875)
(1749,42.1875)
(1750,42.1875)
(1751,42.96875)
(1752,42.96875)
(1753,42.96875)
(1754,42.96875)
(1755,43.75)
(1756,42.96875)
(1757,42.1875)
(1758,41.40625)
(1759,42.1875)
(1760,42.1875)
(1761,42.1875)
(1762,42.1875)
(1763,42.1875)
(1764,42.1875)
(1765,42.1875)
(1766,42.1875)
(1767,42.1875)
(1768,41.40625)
(1769,41.40625)
(1770,41.40625)
(1771,41.40625)
(1772,41.40625)
(1773,41.40625)
(1774,41.40625)
(1775,41.40625)
(1776,41.40625)
(1777,41.40625)
(1778,41.40625)
(1779,41.40625)
(1780,41.40625)
(1781,41.40625)
(1782,41.40625)
(1783,41.40625)
(1784,41.40625)
(1785,41.40625)
(1786,41.40625)
(1787,41.40625)
(1788,41.40625)
(1789,41.40625)
(1790,41.40625)
(1791,41.40625)
(1792,41.40625)
(1793,41.40625)
(1794,41.40625)
(1795,41.40625)
(1796,41.40625)
(1797,41.40625)
(1798,41.40625)
(1799,41.40625)
(1800,41.40625)
(1801,41.40625)
(1802,41.40625)
(1803,41.40625)
(1804,41.40625)
(1805,41.40625)
(1806,41.40625)
(1807,41.40625)
(1808,41.40625)
(1809,41.40625)
(1810,41.40625)
(1811,41.40625)
(1812,41.40625)
(1813,41.40625)
(1814,41.40625)
(1815,41.40625)
(1816,41.40625)
(1817,41.40625)
(1818,41.40625)
(1819,41.40625)
(1820,41.40625)
(1821,41.40625)
(1822,41.40625)
(1823,41.40625)
(1824,41.40625)
(1825,41.40625)
(1826,41.40625)
(1827,42.1875)
(1828,42.1875)
(1829,42.1875)
(1830,42.1875)
(1831,42.1875)
(1832,42.1875)
(1833,42.1875)
(1834,42.96875)
(1835,42.1875)
(1836,42.1875)
(1837,42.1875)
(1838,42.1875)
(1839,42.1875)
(1840,42.1875)
(1841,42.1875)
(1842,42.1875)
(1843,42.1875)
(1844,42.1875)
(1845,42.1875)
(1846,42.96875)
(1847,42.96875)
(1848,42.96875)
(1849,42.1875)
(1850,42.1875)
(1851,42.1875)
(1852,42.1875)
(1853,42.1875)
(1854,42.1875)
(1855,42.1875)
(1856,42.1875)
(1857,42.1875)
(1858,42.1875)
(1859,42.1875)
(1860,42.1875)
(1861,42.1875)
(1862,42.1875)
(1863,42.96875)
(1864,42.96875)
(1865,42.96875)
(1866,42.96875)
(1867,42.96875)
(1868,42.96875)
(1869,42.96875)
(1870,42.96875)
(1871,42.96875)
(1872,42.1875)
(1873,42.96875)
(1874,43.75)
(1875,42.96875)
(1876,43.75)
(1877,42.96875)
(1878,42.96875)
(1879,42.1875)
(1880,42.1875)
(1881,42.96875)
(1882,42.1875)
(1883,42.96875)
(1884,42.1875)
(1885,42.1875)
(1886,42.1875)
(1887,41.40625)
(1888,42.1875)
(1889,42.1875)
(1890,42.1875)
(1891,42.1875)
(1892,41.40625)
(1893,41.40625)
(1894,41.40625)
(1895,42.1875)
(1896,41.40625)
(1897,42.96875)
(1898,41.40625)
(1899,41.40625)
(1900,42.1875)
(1901,42.1875)
(1902,42.1875)
(1903,41.40625)
(1904,41.40625)
(1905,41.40625)
(1906,39.84375)
(1907,41.40625)
(1908,40.625)
(1909,40.625)
(1910,41.40625)
(1911,40.625)
(1912,40.625)
(1913,41.40625)
(1914,41.40625)
(1915,41.40625)
(1916,42.96875)
(1917,42.96875)
(1918,44.53125)
(1919,42.96875)
(1920,42.96875)
(1921,42.96875)
(1922,42.1875)
(1923,42.1875)
(1924,43.75)
(1925,42.1875)
(1926,42.1875)
(1927,42.1875)
(1928,42.1875)
(1929,42.1875)
(1930,40.625)
(1931,42.1875)
(1932,42.1875)
(1933,42.96875)
(1934,42.1875)
(1935,41.40625)
(1936,41.40625)
(1937,41.40625)
(1938,41.40625)
(1939,41.40625)
(1940,40.625)
(1941,42.1875)
(1942,40.625)
(1943,42.1875)
(1944,42.1875)
(1945,42.1875)
(1946,42.1875)
(1947,42.1875)
(1948,42.1875)
(1949,42.96875)
(1950,42.96875)
(1951,42.96875)
(1952,42.96875)
(1953,42.96875)
(1954,41.40625)
(1955,41.40625)
(1956,42.1875)
(1957,42.1875)
(1958,42.1875)
(1959,42.1875)
(1960,42.1875)
(1961,44.53125)
(1962,44.53125)
(1963,41.40625)
(1964,40.625)
(1965,38.28125)
(1966,37.5)
(1967,35.15625)
(1968,35.9375)
(1969,35.9375)
(1970,32.03125)
(1971,35.15625)
(1972,39.0625)
(1973,39.0625)
(1974,34.375)
(1975,21.09375)
(1976,29.6875)
(1977,32.03125)
(1978,35.15625)
(1979,35.15625)
(1980,41.40625)
(1981,100)
(1982,18.75)
(1983,25.78125)
(1984,17.96875)
(1985,11.71875)
(1986,17.96875)
(1987,18.75)
(1988,19.53125)
(1989,20.3125)
(1990,20.3125)
(1991,18.75)
(1992,18.75)
(1993,13.28125)
(1994,20.3125)
(1995,18.75)
(1996,19.53125)
(1997,17.96875)
(1998,18.75)
(1999,17.96875)
(2000,18.75)
(2001,17.96875)
(2002,17.96875)
(2003,18.75)
(2004,16.40625)
(2005,16.40625)
(2006,17.1875)
(2007,16.40625)
(2008,15.625)
(2009,15.625)
(2010,18.75)
(2011,20.3125)
(2012,17.1875)
(2013,17.96875)
(2014,14.0625)
(2015,19.53125)
(2016,20.3125)
(2017,20.3125)
(2018,20.3125)
(2019,20.3125)
(2020,20.3125)
(2021,20.3125)
(2022,20.3125)
(2023,19.53125)
(2024,19.53125)
(2025,23.4375)
(2026,28.90625)
(2027,21.09375)
(2028,21.09375)
(2029,18.75)
(2030,19.53125)
(2031,23.4375)
(2032,21.09375)
(2033,18.75)
(2034,21.09375)
(2035,22.65625)
(2036,23.4375)
(2037,25.78125)
(2038,21.09375)
(2039,22.65625)
(2040,25.78125)
(2041,30.46875)
(2042,25.0)
(2043,24.21875)
(2044,19.53125)
(2045,21.875)
(2046,20.3125)
(2047,26.5625)
(2048,21.09375)
(2049,24.21875)
(2050,22.65625)
(2051,25.78125)
(2052,24.21875)
(2053,21.875)
(2054,18.75)
(2055,17.96875)
(2056,17.96875)
(2057,18.75)
(2058,18.75)
(2059,15.625)
(2060,14.0625)
(2061,15.625)
(2062,15.625)
(2063,12.5)
(2064,14.84375)
(2065,14.0625)
(2066,12.5)
(2067,26.5625)
(2068,32.03125)
(2069,32.8125)
(2070,32.03125)
(2071,32.03125)
(2072,30.46875)
(2073,20.3125)
(2074,25.78125)
(2075,28.125)
(2076,28.125)
(2077,19.53125)
(2078,30.46875)
(2079,31.25)
(2080,37.5)
(2081,36.71875)
(2082,38.28125)
(2083,38.28125)
(2084,36.71875)
(2085,30.46875)
(2086,33.59375)
(2087,31.25)
(2088,31.25)
(2089,34.375)
(2090,35.15625)
(2091,35.9375)
(2092,32.03125)
(2093,39.84375)
(2094,37.5)
(2095,37.5)
(2096,35.15625)
(2097,35.15625)
(2098,37.5)
(2099,35.9375)
(2100,40.625)
(2101,39.0625)
(2102,39.84375)
(2103,35.9375)
(2104,35.9375)
(2105,35.9375)
(2106,35.15625)
(2107,35.15625)
(2108,37.5)
(2109,35.9375)
(2110,35.9375)
(2111,38.28125)
(2112,37.5)
(2113,36.71875)
(2114,35.9375)
(2115,36.71875)
(2116,37.5)
(2117,36.71875)
(2118,35.9375)
(2119,36.71875)
(2120,36.71875)
(2121,32.8125)
(2122,36.71875)
(2123,37.5)
(2124,36.71875)
(2125,38.28125)
(2126,39.84375)
(2127,39.0625)
(2128,43.75)
(2129,41.40625)
(2130,39.84375)
(2131,43.75)
(2132,45.3125)
(2133,45.3125)
(2134,43.75)
(2135,43.75)
(2136,42.1875)
(2137,35.9375)
(2138,34.375)
(2139,34.375)
(2140,35.15625)
(2141,37.5)
(2142,32.03125)
(2143,36.71875)
(2144,39.0625)
(2145,40.625)
(2146,42.96875)
(2147,44.53125)
(2148,42.96875)
(2149,39.84375)
(2150,41.40625)
(2151,36.71875)
(2152,35.15625)
(2153,35.9375)
(2154,37.5)
(2155,38.28125)
(2156,39.84375)
(2157,37.5)
(2158,38.28125)
(2159,36.71875)
(2160,36.71875)
(2161,34.375)
(2162,32.8125)
(2163,37.5)
(2164,39.84375)
(2165,38.28125)
(2166,40.625)
(2167,41.40625)
(2168,43.75)
(2169,47.65625)
(2170,39.0625)
(2171,38.28125)
(2172,39.0625)
(2173,39.0625)
(2174,35.15625)
(2175,34.375)
(2176,32.8125)
(2177,38.28125)
(2178,35.15625)
(2179,41.40625)
(2180,28.90625)
(2181,35.15625)
(2182,26.5625)
(2183,36.71875)
(2184,35.9375)
(2185,32.8125)
(2186,35.9375)
(2187,39.0625)
(2188,37.5)
(2189,37.5)
(2190,39.84375)
(2191,37.5)
(2192,44.53125)
(2193,46.09375)
(2194,38.28125)
(2195,39.0625)
(2196,38.28125)
(2197,39.84375)
(2198,36.71875)
(2199,34.375)
(2200,33.59375)
(2201,33.59375)
(2202,36.71875)
(2203,37.5)
(2204,37.5)
(2205,33.59375)
(2206,30.46875)
(2207,33.59375)
(2208,24.21875)
(2209,34.375)
(2210,27.34375)
(2211,32.8125)
(2212,24.21875)
(2213,35.9375)
(2214,28.90625)
(2215,28.90625)
(2216,29.6875)
(2217,29.6875)
(2218,28.90625)
(2219,28.90625)
(2220,33.59375)
(2221,31.25)
(2222,29.6875)
(2223,30.46875)
(2224,26.5625)
(2225,31.25)
(2226,28.90625)
(2227,20.3125)
(2228,20.3125)
(2229,23.4375)
(2230,22.65625)
(2231,29.6875)
(2232,29.6875)
(2233,29.6875)
(2234,28.90625)
(2235,27.34375)
(2236,8.59375)
(2237,32.03125)
(2238,25.78125)
(2239,32.03125)
(2240,26.5625)
(2241,17.1875)
(2242,10.9375)
(2243,27.34375)
(2244,17.96875)
(2245,25.78125)
(2246,21.09375)
(2247,21.875)
(2248,21.875)
(2249,21.875)
(2250,20.3125)
(2251,27.34375)
(2252,29.6875)
(2253,29.6875)
(2254,29.6875)
(2255,28.90625)
(2256,31.25)
(2257,32.03125)
(2258,29.6875)
(2259,28.90625)
(2260,27.34375)
(2261,28.125)
(2262,28.125)
(2263,24.21875)
(2264,19.53125)
(2265,15.625)
(2266,10.9375)
(2267,21.875)
(2268,26.5625)
(2269,29.6875)
(2270,29.6875)
(2271,27.34375)
(2272,30.46875)
(2273,32.8125)
(2274,32.03125)
(2275,34.375)
(2276,43.75)
(2277,27.34375)
(2278,19.53125)
(2279,28.125)
(2280,28.125)
(2281,32.03125)
(2282,32.8125)
(2283,26.5625)
(2284,30.46875)
(2285,28.125)
(2286,29.6875)
(2287,30.46875)
(2288,28.125)
(2289,16.40625)
(2290,22.65625)
(2291,16.40625)
(2292,17.1875)
(2293,17.96875)
(2294,28.125)
(2295,28.125)
(2296,25.78125)
(2297,25.0)
(2298,19.53125)
(2299,27.34375)
(2300,27.34375)
(2301,27.34375)
(2302,17.96875)
(2303,21.875)
(2304,27.34375)
(2305,20.3125)
(2306,17.1875)
(2307,22.65625)
(2308,16.40625)
(2309,17.96875)
(2310,16.40625)
(2311,17.1875)
(2312,22.65625)
(2313,14.0625)
(2314,25.0)
(2315,26.5625)
(2316,25.0)
(2317,21.875)
(2318,14.0625)
(2319,7.8125)
(2320,24.21875)
(2321,26.5625)
(2322,17.1875)
(2323,29.6875)
(2324,26.5625)
(2325,25.78125)
(2326,25.0)
(2327,21.875)
(2328,21.875)
(2329,16.40625)
(2330,17.96875)
(2331,17.96875)
(2332,18.75)
(2333,17.96875)
(2334,18.75)
(2335,17.1875)
(2336,20.3125)
(2337,19.53125)
(2338,25.0)
(2339,29.6875)
(2340,33.59375)
(2341,32.8125)
(2342,29.6875)
(2343,36.71875)
(2344,12.5)
(2345,31.25)
(2346,27.34375)
(2347,35.15625)
(2348,32.03125)
(2349,41.40625)
(2350,45.3125)
(2351,44.53125)
(2352,26.5625)
(2353,46.875)
(2354,28.125)
(2355,31.25)
(2356,25.78125)
(2357,28.125)
(2358,33.59375)
(2359,21.09375)
(2360,21.875)
(2361,39.0625)
(2362,39.84375)
(2363,35.9375)
(2364,36.71875)
(2365,19.53125)
(2366,33.59375)
(2367,28.125)
(2368,32.8125)
(2369,35.15625)
(2370,35.9375)
(2371,34.375)
(2372,32.8125)
(2373,23.4375)
(2374,25.0)
(2375,16.40625)
(2376,16.40625)
(2377,17.96875)
(2378,27.34375)
(2379,21.09375)
(2380,20.3125)
(2381,24.21875)
(2382,22.65625)
(2383,28.90625)
(2384,29.6875)
(2385,35.9375)
(2386,38.28125)
(2387,36.71875)
(2388,37.5)
(2389,38.28125)
(2390,38.28125)
(2391,34.375)
(2392,37.5)
(2393,39.0625)
(2394,39.84375)
(2395,40.625)
(2396,42.1875)
(2397,34.375)
(2398,32.8125)
(2399,42.1875)
(2400,28.125)
(2401,28.90625)
(2402,40.625)
(2403,42.96875)
(2404,42.1875)
(2405,40.625)
(2406,38.28125)
(2407,21.875)
(2408,37.5)
(2409,25.0)
(2410,36.71875)
(2411,38.28125)
(2412,37.5)
(2413,39.84375)
(2414,40.625)
(2415,39.0625)
(2416,27.34375)
(2417,38.28125)
(2418,28.125)
(2419,37.5)
(2420,36.71875)
(2421,35.9375)
(2422,37.5)
(2423,36.71875)
(2424,35.9375)
(2425,35.9375)
(2426,35.9375)
(2427,35.15625)
(2428,35.15625)
(2429,36.71875)
(2430,35.9375)
(2431,36.71875)
(2432,37.5)
(2433,37.5)
(2434,37.5)
(2435,36.71875)
(2436,35.15625)
(2437,35.9375)
(2438,35.9375)
(2439,35.9375)
(2440,36.71875)
(2441,36.71875)
(2442,36.71875)
(2443,35.15625)
(2444,35.15625)
(2445,35.9375)
(2446,35.15625)
(2447,35.15625)
(2448,34.375)
(2449,34.375)
(2450,35.15625)
(2451,34.375)
(2452,35.15625)
(2453,35.9375)
(2454,35.15625)
(2455,35.9375)
(2456,35.15625)
(2457,34.375)
(2458,34.375)
(2459,34.375)
(2460,35.9375)
(2461,35.15625)
(2462,35.15625)
(2463,34.375)
(2464,34.375)
(2465,35.15625)
(2466,35.15625)
(2467,34.375)
(2468,34.375)
(2469,34.375)
(2470,34.375)
(2471,34.375)
(2472,34.375)
(2473,35.9375)
(2474,34.375)
(2475,35.15625)
(2476,35.15625)
(2477,34.375)
(2478,34.375)
(2479,34.375)
(2480,34.375)
(2481,34.375)
(2482,34.375)
(2483,34.375)
(2484,34.375)
(2485,34.375)
(2486,34.375)
(2487,34.375)
(2488,36.71875)
(2489,35.9375)
(2490,37.5)
(2491,35.9375)
(2492,35.9375)
(2493,35.15625)
(2494,33.59375)
(2495,33.59375)
(2496,33.59375)
(2497,34.375)
(2498,34.375)
(2499,35.15625)
(2500,35.9375)
(2501,36.71875)
(2502,35.9375)
(2503,35.9375)
(2504,35.9375)
(2505,36.71875)
(2506,32.8125)
(2507,37.5)
(2508,31.25)
(2509,35.15625)
(2510,34.375)
(2511,25.78125)
(2512,31.25)
(2513,21.09375)
(2514,35.9375)
(2515,32.8125)
(2516,33.59375)
(2517,32.8125)
(2518,36.71875)
(2519,37.5)
(2520,35.9375)
(2521,36.71875)
(2522,37.5)
(2523,35.9375)
(2524,37.5)
(2525,36.71875)
(2526,36.71875)
(2527,37.5)
(2528,36.71875)
(2529,36.71875)
(2530,37.5)
(2531,36.71875)
(2532,33.59375)
(2533,34.375)
(2534,34.375)
(2535,25.78125)
(2536,32.8125)
(2537,21.875)
(2538,16.40625)
(2539,16.40625)
(2540,15.625)
(2541,17.1875)
(2542,31.25)
(2543,8.59375)
(2544,33.59375)
(2545,32.03125)
(2546,30.46875)
(2547,29.6875)
(2548,30.46875)
(2549,28.90625)
(2550,28.125)
(2551,29.6875)
(2552,14.0625)
(2553,22.65625)
(2554,30.46875)
(2555,29.6875)
(2556,26.5625)
(2557,27.34375)
(2558,32.8125)
(2559,33.59375)
(2560,31.25)
(2561,28.125)
(2562,30.46875)
(2563,7.8125)
(2564,32.03125)
(2565,29.6875)
(2566,28.125)
(2567,26.5625)
(2568,28.125)
(2569,26.5625)
(2570,25.78125)
(2571,27.34375)
(2572,25.0)
(2573,24.21875)
(2574,8.59375)
(2575,12.5)
(2576,23.4375)
(2577,12.5)
(2578,10.9375)
(2579,28.90625)
(2580,31.25)
(2581,13.28125)
(2582,24.21875)
(2583,26.5625)
(2584,25.78125)
(2585,7.8125)
(2586,17.96875)
(2587,39.84375)
(2588,39.84375)
(2589,40.625)
(2590,45.3125)
(2591,44.53125)
(2592,44.53125)
(2593,43.75)
(2594,45.3125)
(2595,43.75)
(2596,38.28125)
(2597,36.71875)
(2598,39.84375)
(2599,37.5)
(2600,36.71875)
(2601,38.28125)
(2602,39.0625)
(2603,38.28125)
(2604,36.71875)
(2605,36.71875)
(2606,35.9375)
(2607,40.625)
(2608,42.1875)
(2609,41.40625)
(2610,39.0625)
(2611,39.84375)
(2612,39.0625)
(2613,33.59375)
(2614,39.0625)
(2615,39.0625)
(2616,38.28125)
(2617,35.9375)
(2618,37.5)
(2619,37.5)
(2620,34.375)
(2621,16.40625)
(2622,36.71875)
(2623,18.75)
(2624,19.53125)
(2625,34.375)
(2626,10.15625)
(2627,35.15625)
(2628,35.15625)
(2629,15.625)
(2630,35.15625)
(2631,35.15625)
(2632,35.15625)
(2633,34.375)
(2634,28.90625)
(2635,21.875)
(2636,14.84375)
(2637,40.625)
(2638,17.1875)
(2639,40.625)
(2640,43.75)
(2641,24.21875)
(2642,18.75)
(2643,23.4375)
(2644,17.1875)
(2645,18.75)
(2646,43.75)
(2647,17.96875)
(2648,34.375)
(2649,32.03125)
(2650,40.625)
(2651,38.28125)
(2652,36.71875)
(2653,37.5)
(2654,38.28125)
(2655,37.5)
(2656,39.84375)
(2657,36.71875)
(2658,37.5)
(2659,39.0625)
(2660,32.8125)
(2661,36.71875)
(2662,36.71875)
(2663,34.375)
(2664,35.9375)
(2665,35.15625)
(2666,30.46875)
(2667,32.03125)
(2668,32.03125)
(2669,27.34375)
(2670,28.125)
(2671,29.6875)
(2672,28.125)
(2673,24.21875)
(2674,30.46875)
(2675,29.6875)
(2676,12.5)
(2677,28.90625)
(2678,29.6875)
(2679,32.8125)
(2680,35.9375)
(2681,35.15625)
(2682,27.34375)
(2683,31.25)
(2684,30.46875)
(2685,29.6875)
(2686,32.03125)
(2687,32.03125)
(2688,33.59375)
(2689,35.9375)
(2690,31.25)
(2691,34.375)
(2692,34.375)
(2693,35.15625)
(2694,32.03125)
(2695,28.125)
(2696,29.6875)
(2697,30.46875)
(2698,27.34375)
(2699,27.34375)
(2700,28.125)
(2701,30.46875)
(2702,26.5625)
(2703,28.90625)
(2704,25.78125)
(2705,28.125)
(2706,19.53125)
(2707,19.53125)
(2708,33.59375)
(2709,17.1875)
(2710,17.1875)
(2711,17.96875)
(2712,19.53125)
(2713,21.09375)
(2714,11.71875)
(2715,25.0)
(2716,28.125)
(2717,31.25)
(2718,27.34375)
(2719,26.5625)
(2720,30.46875)
(2721,25.0)
(2722,25.78125)
(2723,28.90625)
(2724,32.8125)
(2725,36.71875)
(2726,33.59375)
(2727,16.40625)
(2728,31.25)
(2729,35.9375)
(2730,36.71875)
(2731,32.03125)
(2732,16.40625)
(2733,34.375)
(2734,32.8125)
(2735,37.5)
(2736,18.75)
(2737,23.4375)
(2738,33.59375)
(2739,28.90625)
(2740,32.8125)
(2741,46.875)
(2742,44.53125)
(2743,46.875)
(2744,46.875)
(2745,18.75)
(2746,46.09375)
(2747,46.875)
(2748,49.21875)
(2749,51.5625)
(2750,51.5625)
(2751,48.4375)
(2752,50.0)
(2753,28.125)
(2754,28.125)
(2755,32.8125)
(2756,11.71875)
(2757,11.71875)
(2758,13.28125)
(2759,15.625)
(2760,14.0625)
(2761,14.0625)
(2762,14.0625)
(2763,14.84375)
(2764,14.0625)
(2765,13.28125)
(2766,14.84375)
(2767,12.5)
(2768,6.25)
(2769,11.71875)
(2770,14.84375)
(2771,14.0625)
(2772,11.71875)
(2773,14.0625)
(2774,12.5)
(2775,10.15625)
(2776,10.9375)
(2777,14.84375)
(2778,14.0625)
(2779,14.0625)
(2780,12.5)
(2781,14.84375)
(2782,17.1875)
(2783,17.96875)
(2784,23.4375)
(2785,19.53125)
(2786,14.84375)
(2787,21.09375)
(2788,24.21875)
(2789,23.4375)
(2790,22.65625)
(2791,18.75)
(2792,14.0625)
(2793,13.28125)
(2794,21.875)
(2795,19.53125)
(2796,13.28125)
(2797,22.65625)
(2798,14.0625)
(2799,11.71875)
(2800,12.5)
(2801,14.84375)
(2802,35.15625)
(2803,35.15625)
(2804,32.03125)
(2805,33.59375)
(2806,33.59375)
(2807,33.59375)
(2808,32.03125)
(2809,32.8125)
(2810,32.8125)
(2811,30.46875)
(2812,32.8125)
(2813,25.0)
(2814,25.78125)
(2815,25.78125)
(2816,21.09375)
(2817,22.65625)
(2818,24.21875)
(2819,24.21875)
(2820,26.5625)
(2821,22.65625)
(2822,37.5)
(2823,34.375)
(2824,36.71875)
(2825,35.15625)
(2826,32.8125)
(2827,35.15625)
(2828,34.375)
(2829,32.03125)
(2830,32.03125)
(2831,31.25)
(2832,31.25)
(2833,32.03125)
(2834,33.59375)
(2835,24.21875)
(2836,23.4375)
(2837,34.375)
(2838,39.84375)
(2839,39.84375)
(2840,23.4375)
(2841,41.40625)
(2842,39.0625)
(2843,28.90625)
(2844,35.9375)
(2845,35.15625)
(2846,37.5)
(2847,33.59375)
(2848,32.8125)
(2849,33.59375)
(2850,32.8125)
(2851,32.8125)
(2852,24.21875)
(2853,34.375)
(2854,35.9375)
(2855,28.90625)
(2856,38.28125)
(2857,28.125)
(2858,39.84375)
(2859,38.28125)
(2860,34.375)
(2861,33.59375)
(2862,32.03125)
(2863,32.03125)
(2864,36.71875)
(2865,35.15625)
(2866,33.59375)
(2867,28.125)
(2868,18.75)
(2869,18.75)
(2870,35.15625)
(2871,34.375)
(2872,33.59375)
(2873,35.15625)
(2874,35.9375)
(2875,15.625)
(2876,36.71875)
(2877,38.28125)
(2878,39.0625)
(2879,41.40625)
(2880,39.0625)
(2881,38.28125)
(2882,39.84375)
(2883,34.375)
(2884,32.8125)
(2885,36.71875)
(2886,39.0625)
(2887,39.0625)
(2888,38.28125)
(2889,39.0625)
(2890,38.28125)
(2891,39.0625)
(2892,35.9375)
(2893,35.9375)
(2894,38.28125)
(2895,36.71875)
(2896,35.15625)
(2897,32.8125)
(2898,33.59375)
(2899,33.59375)
(2900,34.375)
(2901,34.375)
(2902,32.8125)
(2903,36.71875)
(2904,35.15625)
(2905,32.8125)
(2906,34.375)
(2907,38.28125)
(2908,37.5)
(2909,36.71875)
(2910,35.15625)
(2911,35.15625)
(2912,35.15625)
(2913,32.03125)
(2914,32.03125)
(2915,32.03125)
(2916,33.59375)
(2917,35.15625)
(2918,33.59375)
(2919,32.03125)
(2920,31.25)
(2921,32.03125)
(2922,35.9375)
(2923,39.0625)
(2924,39.0625)
(2925,37.5)
(2926,37.5)
(2927,37.5)
(2928,34.375)
(2929,35.15625)
(2930,33.59375)
(2931,32.8125)
(2932,34.375)
(2933,33.59375)
(2934,35.15625)
(2935,33.59375)
(2936,35.15625)
(2937,35.15625)
(2938,35.9375)
(2939,34.375)
(2940,32.8125)
(2941,32.03125)
(2942,28.125)
(2943,29.6875)
(2944,32.03125)
(2945,32.03125)
(2946,32.8125)
(2947,32.03125)
(2948,32.8125)
(2949,32.03125)
(2950,32.03125)
(2951,33.59375)
(2952,32.8125)
(2953,34.375)
(2954,34.375)
(2955,34.375)
(2956,33.59375)
(2957,33.59375)
(2958,30.46875)
(2959,29.6875)
(2960,29.6875)
(2961,30.46875)
(2962,30.46875)
(2963,31.25)
(2964,27.34375)
(2965,26.5625)
(2966,26.5625)
(2967,24.21875)
(2968,24.21875)
(2969,25.78125)
(2970,24.21875)
(2971,24.21875)
(2972,25.0)
(2973,25.0)
(2974,25.0)
(2975,25.0)
(2976,20.3125)
(2977,22.65625)
(2978,23.4375)
(2979,21.09375)
(2980,14.0625)
(2981,22.65625)
(2982,26.5625)
(2983,26.5625)
(2984,27.34375)
(2985,25.0)
(2986,25.0)
(2987,25.0)
(2988,25.0)
(2989,25.78125)
(2990,25.78125)
(2991,19.53125)
(2992,25.0)
(2993,24.21875)
(2994,21.09375)
(2995,11.71875)
(2996,12.5)
(2997,11.71875)
(2998,13.28125)
(2999,27.34375)
(3000,22.65625)
(3001,23.4375)
(3002,22.65625)
(3003,22.65625)
(3004,24.21875)
(3005,24.21875)
(3006,27.34375)
(3007,19.53125)
(3008,15.625)
(3009,25.78125)
(3010,14.0625)
(3011,28.125)
(3012,25.0)
(3013,25.0)
(3014,27.34375)
(3015,21.09375)
(3016,11.71875)
(3017,23.4375)
(3018,22.65625)
(3019,23.4375)
(3020,21.09375)
(3021,17.1875)
(3022,14.84375)
(3023,24.21875)
(3024,25.78125)
(3025,17.96875)
(3026,23.4375)
(3027,25.78125)
(3028,25.78125)
(3029,27.34375)
(3030,29.6875)
(3031,29.6875)
(3032,31.25)
(3033,32.03125)
(3034,27.34375)
(3035,25.78125)
(3036,28.125)
(3037,29.6875)
(3038,31.25)
(3039,23.4375)
(3040,27.34375)
(3041,20.3125)
(3042,19.53125)
(3043,30.46875)
(3044,27.34375)
(3045,27.34375)
(3046,30.46875)
(3047,28.125)
(3048,18.75)
(3049,33.59375)
(3050,35.9375)
(3051,33.59375)
(3052,32.03125)
(3053,31.25)
(3054,33.59375)
(3055,32.8125)
(3056,25.78125)
(3057,32.8125)
(3058,31.25)
(3059,32.8125)
(3060,32.03125)
(3061,25.78125)
(3062,25.0)
(3063,14.84375)
(3064,32.8125)
(3065,29.6875)
(3066,27.34375)
(3067,28.90625)
(3068,30.46875)
(3069,32.03125)
(3070,25.0)
(3071,26.5625)
(3072,27.34375)
(3073,26.5625)
(3074,26.5625)
(3075,28.125)
(3076,28.90625)
(3077,30.46875)
(3078,32.03125)
(3079,30.46875)
(3080,29.6875)
(3081,25.78125)
(3082,32.8125)
(3083,27.34375)
(3084,31.25)
(3085,22.65625)
(3086,21.875)
(3087,29.6875)
(3088,27.34375)
(3089,15.625)
(3090,21.09375)
(3091,29.6875)
(3092,25.78125)
(3093,10.15625)
(3094,13.28125)
(3095,12.5)
(3096,14.0625)
(3097,15.625)
(3098,13.28125)
(3099,16.40625)
(3100,17.1875)
(3101,27.34375)
(3102,26.5625)
(3103,24.21875)
(3104,21.875)
(3105,25.0)
(3106,26.5625)
(3107,26.5625)
(3108,20.3125)
(3109,20.3125)
(3110,18.75)
(3111,18.75)
(3112,18.75)
(3113,24.21875)
(3114,20.3125)
(3115,17.1875)
(3116,18.75)
(3117,26.5625)
(3118,18.75)
(3119,16.40625)
(3120,17.96875)
(3121,19.53125)
(3122,16.40625)
(3123,17.96875)
(3124,17.96875)
(3125,20.3125)
(3126,21.09375)
(3127,18.75)
(3128,14.84375)
(3129,14.84375)
(3130,14.84375)
(3131,14.84375)
(3132,14.84375)
(3133,14.84375)
(3134,18.75)
(3135,17.96875)
(3136,17.1875)
(3137,8.59375)
(3138,26.5625)
(3139,21.09375)
(3140,14.84375)
(3141,18.75)
(3142,19.53125)
(3143,21.875)
(3144,18.75)
(3145,17.96875)
(3146,17.96875)
(3147,17.96875)
(3148,21.875)
(3149,21.09375)
(3150,8.59375)
(3151,24.21875)
(3152,21.875)
(3153,21.875)
(3154,10.15625)
(3155,26.5625)
(3156,25.0)
(3157,27.34375)
(3158,24.21875)
(3159,27.34375)
(3160,21.875)
(3161,22.65625)
(3162,26.5625)
(3163,28.90625)
(3164,25.0)
(3165,27.34375)
(3166,24.21875)
(3167,28.90625)
(3168,25.0)
(3169,23.4375)
(3170,24.21875)
(3171,26.5625)
(3172,27.34375)
(3173,21.875)
(3174,20.3125)
(3175,26.5625)
(3176,26.5625)
(3177,22.65625)
(3178,11.71875)
(3179,23.4375)
(3180,22.65625)
(3181,16.40625)
(3182,14.0625)
(3183,20.3125)
(3184,14.84375)
(3185,25.78125)
(3186,26.5625)
(3187,26.5625)
(3188,28.90625)
(3189,26.5625)
(3190,25.0)
(3191,21.875)
(3192,26.5625)
(3193,26.5625)
(3194,25.78125)
(3195,26.5625)
(3196,28.90625)
(3197,17.96875)
(3198,25.0)
(3199,19.53125)
(3200,13.28125)
(3201,9.375)
(3202,15.625)
(3203,13.28125)
(3204,14.0625)
(3205,14.84375)
(3206,10.9375)
(3207,13.28125)
(3208,25.78125)
(3209,17.1875)
(3210,13.28125)
(3211,14.0625)
(3212,25.0)
(3213,15.625)
(3214,10.15625)
(3215,35.9375)
(3216,35.15625)
(3217,35.15625)
(3218,36.71875)
(3219,37.5)
(3220,36.71875)
(3221,36.71875)
(3222,37.5)
(3223,32.03125)
(3224,31.25)
(3225,32.03125)
(3226,31.25)
(3227,29.6875)
(3228,28.90625)
(3229,28.90625)
(3230,29.6875)
(3231,31.25)
(3232,28.90625)
(3233,28.125)
(3234,28.90625)
(3235,30.46875)
(3236,35.15625)
(3237,34.375)
(3238,31.25)
(3239,39.0625)
(3240,39.0625)
(3241,30.46875)
(3242,35.15625)
(3243,32.8125)
(3244,32.8125)
(3245,28.90625)
(3246,33.59375)
(3247,35.15625)
(3248,35.15625)
(3249,35.15625)
(3250,36.71875)
(3251,37.5)
(3252,39.0625)
(3253,34.375)
(3254,35.15625)
(3255,34.375)
(3256,34.375)
(3257,35.15625)
(3258,32.8125)
(3259,32.8125)
(3260,35.15625)
(3261,25.0)
(3262,30.46875)
(3263,35.15625)
(3264,32.03125)
(3265,31.25)
(3266,35.15625)
(3267,34.375)
(3268,32.8125)
(3269,28.90625)
(3270,31.25)
(3271,32.8125)
(3272,32.8125)
(3273,34.375)
(3274,35.15625)
(3275,35.9375)
(3276,35.9375)
(3277,37.5)
(3278,35.15625)
(3279,35.9375)
(3280,36.71875)
(3281,36.71875)
(3282,36.71875)
(3283,37.5)
(3284,37.5)
(3285,37.5)
(3286,37.5)
(3287,38.28125)
(3288,38.28125)
(3289,39.0625)
(3290,38.28125)
(3291,35.9375)
(3292,36.71875)
(3293,35.9375)
(3294,35.15625)
(3295,36.71875)
(3296,36.71875)
(3297,36.71875)
(3298,35.9375)
(3299,36.71875)
(3300,36.71875)
(3301,36.71875)
(3302,35.9375)
(3303,35.9375)
(3304,35.15625)
(3305,36.71875)
(3306,35.9375)
(3307,36.71875)
(3308,37.5)
(3309,37.5)
(3310,37.5)
(3311,36.71875)
(3312,38.28125)
(3313,38.28125)
(3314,37.5)
(3315,36.71875)
(3316,38.28125)
(3317,37.5)
(3318,37.5)
(3319,37.5)
(3320,37.5)
(3321,37.5)
(3322,37.5)
(3323,37.5)
(3324,36.71875)
(3325,35.9375)
(3326,35.9375)
(3327,35.9375)
(3328,35.9375)
(3329,36.71875)
(3330,36.71875)
(3331,35.9375)
(3332,35.9375)
(3333,36.71875)
(3334,35.9375)
(3335,36.71875)
(3336,36.71875)
(3337,36.71875)
(3338,36.71875)
(3339,36.71875)
(3340,37.5)
(3341,37.5)
(3342,38.28125)
(3343,38.28125)
(3344,38.28125)
(3345,36.71875)
(3346,35.9375)
(3347,35.9375)
(3348,35.9375)
(3349,35.9375)
(3350,35.9375)
(3351,34.375)
(3352,34.375)
(3353,34.375)
(3354,33.59375)
(3355,32.8125)
(3356,33.59375)
(3357,33.59375)
(3358,33.59375)
(3359,32.8125)
(3360,32.8125)
(3361,33.59375)
(3362,32.8125)
(3363,32.03125)
(3364,32.8125)
(3365,32.8125)
(3366,33.59375)
(3367,33.59375)
(3368,35.15625)
(3369,33.59375)
(3370,35.15625)
(3371,34.375)
(3372,34.375)
(3373,34.375)
(3374,34.375)
(3375,34.375)
(3376,35.9375)
(3377,35.9375)
(3378,36.71875)
(3379,35.9375)
(3380,35.15625)
(3381,35.9375)
(3382,35.9375)
(3383,35.15625)
(3384,36.71875)
(3385,36.71875)
(3386,37.5)
(3387,37.5)
(3388,37.5)
(3389,35.9375)
(3390,37.5)
(3391,35.9375)
(3392,35.9375)
(3393,35.9375)
(3394,35.15625)
(3395,35.15625)
(3396,34.375)
(3397,34.375)
(3398,35.9375)
(3399,35.9375)
(3400,36.71875)
(3401,35.9375)
(3402,36.71875)
(3403,37.5)
(3404,35.9375)
(3405,35.9375)
(3406,35.15625)
(3407,34.375)
(3408,35.15625)
(3409,35.15625)
(3410,35.15625)
(3411,35.9375)
(3412,34.375)
(3413,34.375)
(3414,35.9375)
(3415,35.15625)
(3416,36.71875)
(3417,35.9375)
(3418,35.9375)
(3419,35.9375)
(3420,35.15625)
(3421,35.9375)
(3422,35.15625)
(3423,35.15625)
(3424,35.15625)
(3425,35.15625)
(3426,35.9375)
(3427,35.15625)
(3428,35.15625)
(3429,35.15625)
(3430,35.15625)
(3431,35.9375)
(3432,35.15625)
(3433,35.15625)
(3434,35.15625)
(3435,35.15625)
(3436,35.15625)
(3437,35.9375)
(3438,35.9375)
(3439,33.59375)
(3440,35.15625)
(3441,35.9375)
(3442,36.71875)
(3443,36.71875)
(3444,36.71875)
(3445,36.71875)
(3446,36.71875)
(3447,36.71875)
(3448,36.71875)
(3449,36.71875)
(3450,36.71875)
(3451,36.71875)
(3452,36.71875)
(3453,35.9375)
(3454,35.15625)
(3455,35.9375)
(3456,34.375)
(3457,33.59375)
(3458,33.59375)
(3459,35.15625)
(3460,32.8125)
(3461,32.8125)
(3462,32.8125)
(3463,34.375)
(3464,34.375)
(3465,35.15625)
(3466,35.15625)
(3467,35.9375)
(3468,33.59375)
(3469,34.375)
(3470,35.15625)
(3471,35.15625)
(3472,35.15625)
(3473,35.15625)
(3474,35.15625)
(3475,34.375)
(3476,35.15625)
(3477,35.9375)
(3478,35.9375)
(3479,36.71875)
(3480,35.9375)
(3481,33.59375)
(3482,33.59375)
(3483,34.375)
(3484,34.375)
(3485,34.375)
(3486,37.5)
(3487,38.28125)
(3488,38.28125)
(3489,39.84375)
(3490,41.40625)
(3491,39.0625)
(3492,43.75)
(3493,45.3125)
(3494,42.96875)
(3495,44.53125)
(3496,46.875)
(3497,25.78125)
(3498,45.3125)
(3499,26.5625)
(3500,42.1875)
(3501,41.40625)
(3502,38.28125)
(3503,34.375)
(3504,28.125)
(3505,35.15625)
(3506,33.59375)
(3507,34.375)
(3508,32.03125)
(3509,31.25)
(3510,33.59375)
(3511,35.9375)
(3512,34.375)
(3513,25.78125)
(3514,38.28125)
(3515,25.78125)
(3516,38.28125)
(3517,24.21875)
(3518,39.84375)
(3519,39.0625)
(3520,35.9375)
(3521,38.28125)
(3522,39.0625)
(3523,39.84375)
(3524,39.0625)
(3525,35.9375)
(3526,38.28125)
(3527,37.5)
(3528,36.71875)
(3529,35.9375)
(3530,36.71875)
(3531,36.71875)
(3532,35.15625)
(3533,34.375)
(3534,35.9375)
(3535,38.28125)
(3536,25.78125)
(3537,23.4375)
(3538,26.5625)
(3539,26.5625)
(3540,25.0)
(3541,35.15625)
(3542,25.0)
(3543,25.78125)
(3544,37.5)
(3545,26.5625)
(3546,39.0625)
(3547,27.34375)
(3548,27.34375)
(3549,25.0)
(3550,26.5625)
(3551,23.4375)
(3552,38.28125)
(3553,24.21875)
(3554,39.0625)
(3555,35.9375)
(3556,36.71875)
(3557,37.5)
(3558,27.34375)
(3559,35.9375)
(3560,38.28125)
(3561,37.5)
(3562,35.15625)
(3563,33.59375)
(3564,32.8125)
(3565,33.59375)
(3566,32.8125)
(3567,32.03125)
(3568,33.59375)
(3569,36.71875)
(3570,38.28125)
(3571,38.28125)
(3572,39.84375)
(3573,40.625)
(3574,39.0625)
(3575,38.28125)
(3576,37.5)
(3577,35.15625)
(3578,35.9375)
(3579,32.8125)
(3580,35.15625)
(3581,34.375)
(3582,36.71875)
(3583,39.84375)
(3584,40.625)
(3585,46.09375)
(3586,41.40625)
(3587,41.40625)
(3588,37.5)
(3589,33.59375)
(3590,34.375)
(3591,32.8125)
(3592,35.9375)
(3593,35.9375)
(3594,37.5)
(3595,39.84375)
(3596,39.84375)
(3597,39.0625)
(3598,39.84375)
(3599,39.0625)
(3600,40.625)
(3601,39.84375)
(3602,38.28125)
(3603,39.84375)
(3604,39.0625)
(3605,39.0625)
(3606,39.84375)
(3607,40.625)
(3608,39.0625)
(3609,40.625)
(3610,39.84375)
(3611,39.84375)
(3612,40.625)
(3613,41.40625)
(3614,41.40625)
(3615,41.40625)
(3616,41.40625)
(3617,42.1875)
(3618,41.40625)
(3619,42.1875)
(3620,42.1875)
(3621,42.1875)
(3622,42.1875)
(3623,41.40625)
(3624,42.1875)
(3625,42.1875)
(3626,42.1875)
(3627,42.1875)
(3628,42.1875)
(3629,42.1875)
(3630,41.40625)
(3631,41.40625)
(3632,41.40625)
(3633,41.40625)
(3634,41.40625)
(3635,41.40625)
(3636,41.40625)
(3637,41.40625)
(3638,41.40625)
(3639,41.40625)
(3640,41.40625)
(3641,42.1875)
(3642,40.625)
(3643,40.625)
(3644,41.40625)
(3645,41.40625)
(3646,41.40625)
(3647,41.40625)
(3648,41.40625)
(3649,41.40625)
(3650,42.1875)
(3651,41.40625)
(3652,42.1875)
(3653,42.1875)
(3654,41.40625)
(3655,41.40625)
(3656,42.1875)
(3657,42.1875)
(3658,42.1875)
(3659,42.1875)
(3660,42.1875)
(3661,42.1875)
(3662,41.40625)
(3663,42.96875)
(3664,42.1875)
(3665,43.75)
(3666,42.96875)
(3667,41.40625)
(3668,40.625)
(3669,41.40625)
(3670,40.625)
(3671,40.625)
(3672,41.40625)
(3673,41.40625)
(3674,41.40625)
(3675,41.40625)
(3676,42.1875)
(3677,42.1875)
(3678,42.1875)
(3679,42.1875)
(3680,42.1875)
(3681,42.1875)
(3682,42.1875)
(3683,42.96875)
(3684,42.1875)
(3685,42.96875)
(3686,42.1875)
(3687,42.1875)
(3688,41.40625)
(3689,39.84375)
(3690,42.96875)
(3691,42.1875)
(3692,42.96875)
(3693,40.625)
(3694,42.1875)
(3695,42.1875)
(3696,42.96875)
(3697,42.1875)
(3698,42.96875)
(3699,42.96875)
(3700,42.96875)
(3701,43.75)
(3702,42.96875)
(3703,42.96875)
(3704,42.1875)
(3705,41.40625)
(3706,42.1875)
(3707,42.1875)
(3708,42.1875)
(3709,42.1875)
(3710,42.1875)
(3711,42.1875)
(3712,42.1875)
(3713,42.1875)
(3714,42.1875)
(3715,42.1875)
(3716,42.1875)
(3717,42.1875)
(3718,42.1875)
(3719,42.96875)
(3720,42.96875)
(3721,42.96875)
(3722,42.96875)
(3723,42.96875)
(3724,43.75)
(3725,42.96875)
(3726,42.1875)
(3727,42.96875)
(3728,42.1875)
(3729,42.1875)
(3730,42.1875)
(3731,42.96875)
(3732,42.96875)
(3733,42.96875)
(3734,42.96875)
(3735,43.75)
(3736,42.96875)
(3737,42.1875)
(3738,41.40625)
(3739,42.1875)
(3740,42.1875)
(3741,42.1875)
(3742,42.1875)
(3743,42.1875)
(3744,42.1875)
(3745,42.1875)
(3746,42.1875)
(3747,42.1875)
(3748,41.40625)
(3749,41.40625)
(3750,41.40625)
(3751,41.40625)
(3752,41.40625)
(3753,41.40625)
(3754,41.40625)
(3755,41.40625)
(3756,41.40625)
(3757,41.40625)
(3758,41.40625)
(3759,41.40625)
(3760,41.40625)
(3761,41.40625)
(3762,41.40625)
(3763,41.40625)
(3764,41.40625)
(3765,41.40625)
(3766,41.40625)
(3767,41.40625)
(3768,41.40625)
(3769,41.40625)
(3770,41.40625)
(3771,41.40625)
(3772,41.40625)
(3773,41.40625)
(3774,41.40625)
(3775,41.40625)
(3776,41.40625)
(3777,41.40625)
(3778,41.40625)
(3779,41.40625)
(3780,41.40625)
(3781,41.40625)
(3782,41.40625)
(3783,41.40625)
(3784,41.40625)
(3785,41.40625)
(3786,41.40625)
(3787,41.40625)
(3788,41.40625)
(3789,41.40625)
(3790,41.40625)
(3791,41.40625)
(3792,41.40625)
(3793,41.40625)
(3794,41.40625)
(3795,41.40625)
(3796,41.40625)
(3797,41.40625)
(3798,41.40625)
(3799,41.40625)
(3800,41.40625)
(3801,41.40625)
(3802,41.40625)
(3803,41.40625)
(3804,41.40625)
(3805,41.40625)
(3806,41.40625)
(3807,42.1875)
(3808,42.1875)
(3809,42.1875)
(3810,42.1875)
(3811,42.1875)
(3812,42.1875)
(3813,42.1875)
(3814,42.96875)
(3815,42.1875)
(3816,42.1875)
(3817,42.1875)
(3818,42.1875)
(3819,42.1875)
(3820,42.1875)
(3821,42.1875)
(3822,42.1875)
(3823,42.1875)
(3824,42.1875)
(3825,42.1875)
(3826,42.96875)
(3827,42.96875)
(3828,42.96875)
(3829,42.1875)
(3830,42.1875)
(3831,42.1875)
(3832,42.1875)
(3833,42.1875)
(3834,42.1875)
(3835,42.1875)
(3836,42.1875)
(3837,42.1875)
(3838,42.1875)
(3839,42.1875)
(3840,42.1875)
(3841,42.1875)
(3842,42.1875)
(3843,42.96875)
(3844,42.96875)
(3845,42.96875)
(3846,42.96875)
(3847,42.96875)
(3848,42.96875)
(3849,42.96875)
(3850,42.96875)
(3851,42.96875)
(3852,42.1875)
(3853,42.96875)
(3854,43.75)
(3855,42.96875)
(3856,43.75)
(3857,42.96875)
(3858,42.96875)
(3859,42.1875)
(3860,42.1875)
(3861,42.96875)
(3862,42.1875)
(3863,42.96875)
(3864,42.1875)
(3865,42.1875)
(3866,42.1875)
(3867,41.40625)
(3868,42.1875)
(3869,42.1875)
(3870,42.1875)
(3871,42.1875)
(3872,41.40625)
(3873,41.40625)
(3874,41.40625)
(3875,42.1875)
(3876,41.40625)
(3877,42.96875)
(3878,41.40625)
(3879,41.40625)
(3880,42.1875)
(3881,42.1875)
(3882,42.1875)
(3883,41.40625)
(3884,41.40625)
(3885,41.40625)
(3886,39.84375)
(3887,41.40625)
(3888,40.625)
(3889,40.625)
(3890,41.40625)
(3891,40.625)
(3892,40.625)
(3893,41.40625)
(3894,41.40625)
(3895,41.40625)
(3896,42.96875)
(3897,42.96875)
(3898,44.53125)
(3899,42.96875)
(3900,42.96875)
(3901,42.96875)
(3902,42.1875)
(3903,42.1875)
(3904,43.75)
(3905,42.1875)
(3906,42.1875)
(3907,42.1875)
(3908,42.1875)
(3909,42.1875)
(3910,40.625)
(3911,42.1875)
(3912,42.1875)
(3913,42.96875)
(3914,42.1875)
(3915,41.40625)
(3916,41.40625)
(3917,41.40625)
(3918,41.40625)
(3919,41.40625)
(3920,40.625)
(3921,42.1875)
(3922,40.625)
(3923,42.1875)
(3924,42.1875)
(3925,42.1875)
(3926,42.1875)
(3927,42.1875)
(3928,42.1875)
(3929,42.96875)
(3930,42.96875)
(3931,42.96875)
(3932,42.96875)
(3933,42.96875)
(3934,41.40625)
(3935,41.40625)
(3936,42.1875)
(3937,42.1875)
(3938,42.1875)
(3939,42.1875)
(3940,42.1875)
(3941,44.53125)
(3942,44.53125)
(3943,41.40625)
(3944,40.625)
(3945,38.28125)
(3946,37.5)
(3947,35.15625)
(3948,35.9375)
(3949,35.9375)
(3950,32.03125)
(3951,35.15625)
(3952,39.0625)
(3953,39.0625)
(3954,34.375)
(3955,32.8125)
(3956,29.6875)
(3957,31.25)
(3958,35.15625)
(3959,35.15625)
(3960,41.40625)
(3961,100)
(3962,18.75)
(3963,18.75)
(3964,21.875)
