(0,44.3075,32.4620)
(1,69.3254,44.3053)
(2,70.6620,45.2933)
(3,48.4415,31.4382)
(4,72.2934,52.8334)
(5,72.2663,51.4315)
(6,74.0737,55.4681)
(7,71.0294,48.3652)
(8,59.8574,34.6780)
(9,58.2299,33.5479)
(10,68.8650,48.1898)
(11,65.0301,44.9718)
(12,68.0042,48.2942)
(13,61.7350,46.1408)
(14,62.6725,44.9309)
(15,59.6867,39.6081)
(16,59.3492,45.8934)
(17,63.6095,48.0549)
(18,70.6986,52.2615)
(19,70.8190,53.2684)
(20,65.8673,42.2570)
(21,68.4503,48.2417)
(22,71.6372,52.4327)
(23,69.6377,50.0646)
(24,66.4087,44.6411)
(25,68.0568,44.9413)
(26,68.8907,46.2755)
(27,69.0187,43.9326)
(28,71.3541,47.7224)
(29,72.1395,47.0063)
(30,70.6294,45.0627)
(31,65.5760,39.3943)
(32,68.4308,39.5624)
(33,67.0765,45.0542)
(34,66.9020,46.2910)
(35,66.6099,48.5754)
(36,64.6475,46.5698)
(37,62.7382,46.0590)
(38,62.9267,44.1827)
(39,61.7559,46.8571)
(40,62.5937,44.7162)
(41,6.2500,10.1097)
(42,6.8014,9.5102)
(43,9.7210,8.9878)
(44,10.6043,9.3294)
(45,11.8209,8.6549)
(46,15.2722,9.9067)
(47,72.7560,55.8683)
(48,71.2830,55.6096)
(49,69.6412,52.6891)
(50,71.4870,51.3988)
(51,44.5407,34.1861)
(52,83.4266,71.2730)
(53,45.1806,33.7249)
(54,74.8919,66.5815)
(55,61.2705,41.0317)
(56,75.7744,65.6943)
(57,72.2984,57.4422)
(58,78.7574,65.0214)
(59,81.9268,74.4226)
(60,85.2297,73.0734)
(61,79.2035,61.9433)
(62,77.6379,53.1118)
(63,77.7408,50.3096)
(64,85.3675,72.2882)
(65,77.9504,49.8272)
(66,85.0543,74.9224)
(67,84.0295,72.2287)
(68,87.5758,82.0373)
(69,86.6590,72.2905)
(70,87.7142,73.7079)
(71,87.3936,71.9070)
(72,87.6360,73.1097)
(73,88.4655,74.2559)
(74,87.1674,69.3184)
(75,88.6074,71.6330)
(76,93.5147,88.2788)
(77,92.9855,87.3753)
(78,93.2784,79.6482)
(79,94.9359,90.0402)
(80,93.1824,78.8251)
(81,96.6794,92.7924)
(82,96.6093,93.0202)
(83,97.7775,94.4642)
(84,96.3760,94.2004)
(85,84.1969,71.0031)
(86,56.5474,39.0611)
(87,75.4611,68.1988)
(88,73.8630,67.1230)
(89,73.3287,66.0325)
(90,71.7658,63.2673)
(91,70.1448,58.8877)
(92,71.2104,62.3105)
(93,72.3065,64.2843)
(94,74.0087,66.6018)
(95,72.0777,68.2218)
(96,73.6202,71.6805)
(97,72.8732,69.8038)
(98,73.3325,69.9916)
(99,59.9930,49.4822)
(100,74.0298,71.5011)
(101,80.3905,68.1325)
(102,79.7730,67.2029)
(103,72.6250,65.5214)
(104,72.2784,65.5389)
(105,70.7734,61.4059)
(106,72.2954,66.4952)
(107,72.3399,67.3697)
(108,72.8830,67.5770)
(109,70.0248,57.3577)
(110,61.0807,43.1700)
(111,7.7526,13.1096)
(112,87.6488,74.2972)
(113,88.4386,77.8087)
(114,87.7542,76.3823)
(115,87.9364,76.0492)
(116,85.7940,72.6287)
(117,87.2254,74.7303)
(118,86.6243,74.3511)
(119,88.0785,75.1179)
(120,87.7198,73.2633)
(121,88.0223,74.2894)
(122,87.2223,73.0567)
(123,86.6008,72.1973)
(124,87.1982,72.9436)
(125,86.5930,72.1053)
(126,85.9867,71.2803)
(127,84.8890,68.0517)
(128,83.9554,67.6698)
(129,85.9608,71.4260)
(130,84.8677,68.5645)
(131,85.7375,68.6061)
(132,83.9689,66.7281)
(133,85.0395,68.2008)
(134,82.6978,65.2574)
(135,83.3516,66.6332)
(136,84.2902,67.8863)
(137,84.4293,68.7064)
(138,83.7448,67.4600)
(139,83.3466,66.9270)
(140,80.7779,63.5492)
(141,81.1946,63.5961)
(142,81.5458,65.0993)
(143,86.7002,72.9129)
(144,89.2959,77.9768)
(145,90.8322,82.1064)
(146,91.0938,82.1786)
(147,89.8885,80.8232)
(148,89.6995,79.9026)
(149,88.4267,78.1639)
(150,88.8889,77.9760)
(151,85.8644,72.6924)
(152,90.3910,79.9410)
(153,89.2573,78.5497)
(154,86.6020,76.2771)
(155,87.9062,78.6463)
(156,88.4968,80.4509)
(157,85.8023,74.9148)
(158,84.7607,74.4431)
(159,86.4386,75.8833)
(160,86.8768,76.1233)
(161,87.4167,76.5159)
(162,89.4379,80.7389)
(163,85.9084,74.7902)
(164,90.2835,80.5020)
(165,86.4412,72.9962)
(166,86.7690,72.8111)
(167,89.9652,78.6711)
(168,90.2846,80.7609)
(169,88.2687,78.0873)
(170,89.9648,81.0570)
(171,91.2672,83.0713)
(172,91.2841,83.8393)
(173,89.8125,80.5707)
(174,89.7294,80.3532)
(175,89.9004,81.0836)
(176,87.7727,77.5189)
(177,88.6757,80.8899)
(178,87.9602,79.7273)
(179,88.8136,79.8363)
(180,88.7435,79.7402)
(181,87.7177,77.3754)
(182,87.9132,76.2408)
(183,84.1220,69.9843)
(184,83.2515,68.3960)
(185,88.3427,77.5159)
(186,88.2702,78.5029)
(187,90.1641,80.8452)
(188,90.0552,80.3507)
(189,87.3241,75.9686)
(190,89.5487,80.5743)
(191,86.7479,74.4991)
(192,88.6198,77.5742)
(193,85.2891,70.3021)
(194,82.4050,68.7644)
(195,84.7447,72.2466)
(196,87.5338,76.1770)
(197,84.8863,72.2461)
(198,82.9664,68.7885)
(199,85.1499,71.7589)
(200,84.3290,70.0972)
(201,85.1284,72.3520)
(202,87.1068,76.6292)
(203,85.4870,72.3134)
(204,83.4108,68.3630)
(205,83.5970,67.9032)
(206,82.6624,66.3152)
(207,82.1005,65.3859)
(208,84.3789,69.6900)
(209,82.4567,65.7043)
(210,75.8198,59.6440)
(211,77.6744,60.1853)
(212,75.5654,57.4714)
(213,81.7740,66.4082)
(214,79.5511,59.7003)
(215,77.0559,60.2797)
(216,74.0461,53.9364)
(217,77.1904,58.6345)
(218,84.9494,69.8840)
(219,74.4673,55.3752)
(220,72.9030,50.9487)
(221,72.3547,50.8389)
(222,72.1196,50.8935)
(223,77.8450,58.2291)
(224,78.6541,59.8479)
(225,81.4156,64.5552)
(226,77.9086,58.1610)
(227,74.0188,52.4542)
(228,73.4938,47.1686)
(229,76.2541,53.4059)
(230,74.2116,54.2568)
(231,77.6611,60.4659)
(232,76.0322,56.7244)
(233,75.5145,54.4949)
(234,76.2965,55.8975)
(235,77.6363,57.6455)
(236,75.5852,55.1633)
(237,76.8501,56.1598)
(238,76.1886,56.6460)
(239,75.1272,55.0527)
(240,73.4837,52.7815)
(241,72.9591,53.3900)
(242,71.1074,52.0122)
(243,71.0308,52.1498)
(244,71.9250,50.1918)
(245,76.3035,56.1896)
(246,74.3129,54.0906)
(247,74.4781,55.3815)
(248,73.7030,54.1414)
(249,74.7078,55.9836)
(250,74.1509,55.7094)
(251,74.1685,53.3054)
(252,75.4951,56.9409)
(253,73.7448,54.5271)
(254,69.6981,47.8022)
(255,67.7799,44.6647)
(256,67.4285,44.7612)
(257,66.9785,43.4989)
(258,67.4637,44.6956)
(259,68.1106,46.2417)
(260,70.5640,50.1264)
(261,71.2577,51.6095)
(262,73.9806,55.9675)
(263,71.7506,52.9412)
(264,71.7168,54.0590)
(265,79.2804,64.7787)
(266,73.8952,55.7825)
(267,67.3982,44.8123)
(268,70.0174,48.7929)
(269,32.6785,25.1659)
(270,35.6553,24.7922)
(271,32.0993,23.5167)
(272,33.9703,24.2848)
(273,31.3418,28.3202)
(274,32.3697,29.0880)
(275,32.1615,25.7469)
(276,33.9590,27.8484)
(277,35.2333,30.8024)
(278,34.7844,28.2282)
(279,36.1321,31.6746)
(280,34.2427,31.9713)
(281,35.6320,32.2216)
(282,38.4795,30.5961)
(283,38.1525,31.5158)
(284,36.9460,30.1385)
(285,34.9940,30.5151)
(286,34.0726,30.1185)
(287,33.8052,27.1087)
(288,35.0438,25.6220)
(289,37.4738,26.5270)
(290,36.8812,27.3867)
(291,33.3859,27.3223)
(292,35.6601,25.4883)
(293,32.2596,25.2650)
(294,33.0676,24.0601)
(295,34.4235,25.9321)
(296,34.0097,27.3212)
(297,33.0478,22.7536)
(298,30.5489,23.4363)
(299,30.0647,21.9141)
(300,29.2469,21.2740)
(301,28.0973,20.0907)
(302,27.4585,22.3824)
(303,23.9471,18.9642)
(304,24.5184,17.7178)
(305,26.2442,20.0816)
(306,26.2987,22.7571)
(307,23.8335,23.8262)
(308,23.9325,12.9170)
(309,21.2926,4.9238)
(310,20.8125,6.0803)
(311,18.7555,6.7948)
(312,19.7184,5.8355)
(313,19.5665,4.0098)
(314,19.3126,2.8545)
(315,20.0536,4.1847)
(316,21.2081,4.3372)
(317,11.1975,8.8982)
(318,14.8547,10.2576)
(319,18.4027,3.6353)
(320,20.6492,0.0000)
(321,22.0882,1.8210)
(322,23.4365,0.3466)
(323,22.6225,1.9819)
(324,23.6044,0.6830)
(325,24.6172,0.0912)
(326,23.6794,0.0000)
(327,24.3392,0.5701)
(328,24.9672,0.0000)
(329,29.3031,0.7076)
(330,29.2707,2.0091)
(331,26.5708,1.6209)
(332,27.0604,0.7300)
(333,28.4883,0.0787)
(334,30.7587,0.9550)
(335,29.0907,3.1836)
(336,29.3519,1.6122)
(337,28.5083,1.0357)
(338,26.4692,1.3992)
(339,25.0143,0.9425)
(340,24.2106,2.7038)
(341,25.0414,2.8677)
(342,23.9726,4.5869)
(343,23.2653,7.8086)
(344,26.1626,4.1327)
(345,28.0419,5.9311)
(346,26.2860,6.5211)
(347,24.9588,6.6219)
(348,27.0802,6.2445)
(349,26.1980,7.4465)
(350,28.3601,9.1301)
(351,17.8761,12.8471)
(352,22.8705,10.4174)
(353,21.9875,7.2288)
(354,24.5712,9.5328)
(355,22.1243,10.1638)
(356,18.8898,13.3273)
(357,21.9359,10.2709)
(358,15.3846,10.0261)
(359,20.9204,11.4361)
(360,19.6203,8.0706)
(361,23.3700,9.6185)
(362,26.1832,12.5967)
(363,24.5030,14.0526)
(364,29.7017,16.0917)
(365,28.9056,16.8887)
(366,32.4637,17.2165)
(367,29.6269,17.2515)
(368,31.2662,19.1930)
(369,31.6753,21.4278)
(370,31.0388,19.4000)
(371,27.6141,21.3026)
(372,39.5584,22.3187)
(373,42.3677,21.7302)
(374,41.5237,20.1038)
(375,34.9274,16.5422)
(376,31.3911,16.1695)
(377,25.5909,14.4154)
(378,24.1833,13.6235)
(379,22.5784,7.9320)
(380,14.2437,11.0739)
(381,13.9114,10.1362)
(382,14.3306,9.7882)
(383,16.3759,9.9144)
(384,18.7399,11.3074)
(385,17.0820,9.1060)
(386,18.0759,9.9774)
(387,22.4751,10.2967)
(388,23.4207,12.1768)
(389,23.9041,13.4991)
(390,21.1694,12.7710)
(391,22.7798,13.1291)
(392,18.6028,11.5979)
(393,18.2357,8.6289)
(394,17.6060,10.3774)
(395,20.0478,12.0984)
(396,20.8771,9.3934)
(397,19.6168,9.2455)
(398,19.3827,7.9271)
(399,21.6848,10.3956)
(400,20.1685,10.5542)
(401,19.1604,8.4003)
(402,19.3763,8.5992)
(403,18.4435,7.1929)
(404,22.5541,9.6384)
(405,24.3207,9.8570)
(406,24.8784,10.9058)
(407,24.0450,9.9850)
(408,25.0930,10.0715)
(409,25.4015,10.8522)
(410,25.2055,10.9779)
(411,27.9710,15.2857)
(412,29.7285,16.6594)
(413,28.6568,14.5828)
(414,27.2508,13.2713)
(415,28.4592,14.9302)
(416,30.4922,15.0412)
(417,30.6092,18.4930)
(418,30.7708,15.3827)
(419,28.0182,12.8008)
(420,28.9333,14.0614)
(421,31.1026,16.9051)
(422,29.7171,15.8115)
(423,31.6791,17.9737)
(424,30.9372,17.8453)
(425,32.1921,18.2405)
(426,31.5211,19.1327)
(427,32.2949,18.4710)
(428,33.1624,19.0708)
(429,32.6335,18.3981)
(430,32.7996,19.5368)
(431,33.3128,18.9443)
(432,32.9540,19.6214)
(433,33.3627,19.7398)
(434,33.4961,19.1441)
(435,33.7727,18.9782)
(436,33.4465,18.4122)
(437,33.6062,19.0128)
(438,33.7619,19.1421)
(439,33.4173,18.6816)
(440,33.3111,18.9732)
(441,32.8550,18.6038)
(442,33.9095,19.1703)
(443,32.7312,18.8889)
(444,32.5456,18.9761)
(445,33.1980,18.9177)
(446,32.5942,18.8256)
(447,32.6337,19.6922)
(448,32.5266,19.2990)
(449,33.1433,19.8230)
(450,32.2922,19.1955)
(451,32.9293,18.9287)
(452,32.6226,18.8620)
(453,32.5971,18.3307)
(454,32.6013,19.1824)
(455,32.2709,18.1867)
(456,32.4465,18.9279)
(457,32.4762,18.7398)
(458,32.2624,18.4111)
(459,31.7188,18.0091)
(460,31.8965,17.5676)
(461,31.3507,16.6060)
(462,31.1786,16.7331)
(463,31.3325,17.0288)
(464,31.4149,17.2229)
(465,31.1855,16.5134)
(466,31.1855,16.3426)
(467,31.3085,16.3224)
(468,30.9732,15.7932)
(469,30.6337,15.6871)
(470,30.7529,15.3892)
(471,31.0194,16.2360)
(472,31.3550,16.5952)
(473,31.1614,16.5657)
(474,31.6633,16.4568)
(475,31.7007,16.2547)
(476,32.3430,17.5345)
(477,32.5495,18.3364)
(478,32.1231,17.5985)
(479,31.8198,17.1779)
(480,31.7251,17.0240)
(481,31.9292,17.2225)
(482,32.4693,18.1663)
(483,32.5061,18.3639)
(484,32.7150,17.8917)
(485,32.4781,17.4602)
(486,32.3649,17.8562)
(487,32.3328,18.0050)
(488,32.1114,17.9704)
(489,31.9334,18.0197)
(490,31.8862,17.6040)
(491,31.6967,17.4647)
(492,31.9153,17.0444)
(493,31.4195,16.6459)
(494,31.6631,16.6652)
(495,31.6621,16.6060)
(496,31.6740,16.4955)
(497,31.4668,17.3597)
(498,31.3133,17.0100)
(499,31.3111,16.8861)
(500,31.4373,16.5308)
(501,31.4917,16.7707)
(502,31.2459,16.6161)
(503,31.8825,18.0675)
(504,32.1911,18.3438)
(505,32.2382,18.3321)
(506,32.5332,18.3245)
(507,32.5407,18.6009)
(508,32.8673,18.2038)
(509,32.7251,18.0902)
(510,32.6569,18.4520)
(511,32.3464,17.8374)
(512,32.5440,18.0105)
(513,32.3974,17.7220)
(514,31.6783,17.0357)
(515,31.9140,17.9016)
(516,31.7855,17.6627)
(517,31.7093,17.4931)
(518,31.8406,17.2511)
(519,32.7737,18.6471)
(520,32.6058,17.9309)
(521,31.7452,16.7824)
(522,33.0875,16.7519)
(523,33.9477,16.0428)
(524,35.5052,18.3091)
(525,34.2483,17.5841)
(526,34.0555,18.5171)
(527,35.5342,19.6545)
(528,35.1391,20.0932)
(529,33.1724,19.7491)
(530,31.8918,18.1592)
(531,32.5509,18.0469)
(532,31.6080,17.2129)
(533,37.3643,21.4535)
(534,36.7469,20.0521)
(535,36.0898,20.6818)
(536,34.8898,17.3504)
(537,35.0992,18.9584)
(538,34.9171,19.6154)
(539,35.7000,19.4999)
(540,37.7690,18.4019)
(541,35.4816,18.5581)
(542,35.9194,16.3548)
(543,38.4259,19.9717)
(544,35.5788,21.1437)
(545,38.2753,24.9362)
(546,33.5215,19.1003)
(547,34.2717,19.1824)
(548,36.7395,23.8003)
(549,33.7163,19.8738)
(550,34.0680,19.5105)
(551,33.1806,20.2783)
(552,31.1061,19.4502)
(553,35.9128,21.7904)
(554,31.8722,17.3351)
(555,31.9679,19.3480)
(556,33.1178,18.0662)
(557,29.0552,17.0326)
(558,26.0635,14.9315)
(559,25.5195,14.1012)
(560,25.3596,14.6351)
(561,24.5228,14.5617)
(562,25.7571,15.5021)
(563,26.6862,14.9878)
(564,28.8798,15.5490)
(565,13.3166,11.1121)
(566,32.2524,11.7629)
(567,40.6920,7.7771)
(568,39.9689,7.1295)
(569,31.9308,8.9422)
(570,38.3554,7.5381)
(571,43.6826,3.4765)
(572,44.5581,2.4830)
(573,49.1902,7.8646)
(574,50.7776,6.3208)
(575,51.6575,4.7906)
(576,50.9224,4.0497)
(577,47.4366,4.0577)
(578,48.4915,4.6991)
(579,45.5485,4.5086)
(580,45.5763,6.1427)
(581,42.1047,4.9005)
(582,44.4153,5.4228)
(583,36.8753,4.5928)
(584,35.5435,1.7462)
(585,40.0583,5.5476)
(586,37.6492,5.9954)
(587,36.7503,4.4828)
(588,40.5500,5.3723)
(589,37.8920,5.9038)
(590,39.7731,5.7647)
(591,36.9690,3.7061)
(592,32.5062,4.5370)
(593,31.0411,1.7157)
(594,31.5804,0.8985)
(595,30.8699,1.5458)
(596,30.9731,4.7754)
(597,24.3153,8.5301)
(598,21.8838,7.1100)
(599,23.6363,9.6352)
(600,43.5200,10.1010)
(601,41.1431,9.1277)
(602,40.4457,10.9510)
(603,38.5814,10.4240)
(604,19.1724,8.8222)
(605,38.4860,15.0051)
(606,82.6677,70.8023)
(607,82.2922,70.1713)
(608,71.0910,52.2216)
(609,81.3388,67.9676)
(610,85.9803,75.3934)
(611,84.3945,72.0110)
(612,83.9700,70.8081)
(613,85.4683,71.1765)
(614,83.0394,67.0652)
(615,80.8637,64.1247)
(616,80.3487,65.6282)
(617,81.2607,65.3491)
(618,79.4880,61.7601)
(619,81.8333,65.5797)
(620,84.2220,66.5345)
(621,81.2822,61.8973)
(622,77.9755,59.1219)
(623,78.2111,58.0942)
(624,82.1329,62.8292)
(625,80.3830,61.0456)
(626,82.4407,64.7442)
(627,79.8549,61.3284)
(628,81.0205,62.8567)
(629,74.0101,57.1065)
(630,77.5696,59.9708)
(631,78.6928,61.4380)
(632,84.1506,70.5568)
(633,82.4844,66.2501)
(634,81.0815,63.0941)
(635,82.7614,67.1710)
(636,80.5978,65.5462)
(637,74.9484,66.7025)
(638,74.6774,60.1155)
(639,75.5808,58.9235)
(640,68.5417,50.8039)
(641,71.5124,54.4712)
(642,71.1473,51.8678)
(643,65.8609,47.3268)
(644,61.2578,42.0097)
(645,64.5508,43.5613)
(646,65.2262,45.4266)
(647,66.2491,50.3732)
(648,65.7666,46.4493)
(649,67.8315,51.9394)
(650,69.2657,50.3326)
(651,69.4968,52.3153)
(652,71.9947,58.1448)
(653,65.1121,48.1631)
(654,64.1065,45.4888)
(655,56.3624,39.6686)
(656,56.4782,37.5152)
(657,26.5264,25.7810)
(658,17.5552,20.3194)
(659,58.4299,37.8662)
(660,53.4078,35.2841)
(661,61.9384,43.7325)
(662,68.7992,53.2685)
(663,69.1516,51.6084)
(664,73.7756,56.3185)
(665,53.7949,27.6817)
(666,62.4257,45.4515)
(667,31.7392,21.3130)
(668,62.5473,42.8009)
(669,23.4833,18.5138)
(670,36.9940,14.7575)
(671,38.8162,20.4265)
(672,39.7098,20.3785)
(673,37.6723,18.1752)
(674,14.9099,12.0359)
(675,52.7614,38.4757)
(676,52.1045,37.5705)
(677,41.8938,22.9044)
(678,45.3974,27.8636)
(679,47.9600,27.3875)
(680,47.3079,25.6794)
(681,50.6437,27.3876)
(682,50.4430,29.3730)
(683,53.5637,32.5003)
(684,54.2789,32.1424)
(685,52.5621,28.7627)
(686,58.3831,32.1982)
(687,58.2623,30.7541)
(688,58.1804,30.7187)
(689,58.0727,31.8230)
(690,53.3434,27.4667)
(691,50.6232,21.9904)
(692,52.3076,22.5003)
(693,53.1533,22.7649)
(694,47.4741,14.1704)
(695,49.7192,17.7391)
(696,47.2978,16.9673)
(697,45.1785,15.0423)
(698,43.9228,15.4548)
(699,46.4549,18.3928)
(700,45.2550,19.7838)
(701,46.7296,19.3693)
(702,18.4049,11.1566)
(703,50.0651,20.5706)
(704,53.6539,20.4351)
(705,55.4997,21.5465)
(706,53.6074,21.4533)
(707,55.2199,24.4133)
(708,53.9293,20.6360)
(709,53.0730,20.3631)
(710,50.4552,21.2037)
(711,48.4610,19.9910)
(712,48.9810,18.7958)
(713,49.9099,19.5595)
(714,49.7989,19.0588)
(715,50.9672,18.0480)
(716,49.7902,18.5619)
(717,37.2368,17.0543)
(718,9.5378,8.9757)
(719,36.4917,17.2486)
(720,10.3313,9.5692)
(721,15.8784,10.0673)
(722,10.3120,11.9420)
(723,8.8398,16.2366)
(724,6.6940,14.2275)
(725,12.3922,17.6812)
(726,30.4988,20.2652)
(727,38.0389,19.4930)
(728,40.4104,25.3851)
(729,42.6922,28.3458)
(730,42.8224,29.3011)
(731,43.8327,23.6929)
(732,39.2952,22.8173)
(733,39.5201,14.3344)
(734,47.5040,26.8127)
(735,42.6569,27.8962)
(736,45.6031,32.2789)
(737,51.0802,27.8356)
(738,17.2325,4.9231)
(739,17.8586,6.5464)
(740,48.3641,29.7133)
(741,43.3534,32.0802)
(742,41.6307,27.0148)
(743,40.3865,31.4876)
(744,39.6094,35.3981)
(745,40.6142,35.8902)
(746,45.1284,32.2688)
(747,49.9770,25.7260)
(748,56.1565,32.9628)
(749,54.8622,33.4315)
(750,52.2100,37.9160)
(751,50.5999,34.8259)
(752,52.3161,37.4454)
(753,53.1562,36.3879)
(754,49.0900,33.3600)
(755,57.0344,40.2649)
(756,59.0542,38.0579)
(757,57.2490,40.9170)
(758,54.2717,32.6389)
(759,55.1508,35.4886)
(760,53.3044,34.0641)
(761,51.7653,33.6700)
(762,47.3730,30.5964)
(763,44.2464,27.8024)
(764,43.2671,27.7980)
(765,40.1035,25.9253)
(766,36.8124,23.8177)
(767,39.5810,23.8109)
(768,36.2643,24.2190)
(769,36.0059,26.1210)
(770,36.8446,23.0681)
(771,36.3254,21.8180)
(772,33.2106,22.1016)
(773,36.4027,25.1635)
(774,39.7536,24.8224)
(775,25.6207,8.9109)
(776,19.3363,5.8182)
(777,16.4869,5.7310)
(778,23.7813,7.9368)
(779,22.4217,6.4495)
(780,28.4266,7.7999)
(781,28.5328,7.8504)
(782,27.9022,8.9560)
(783,29.8839,11.0390)
(784,21.1900,7.3780)
(785,26.6091,9.8382)
(786,23.3995,8.8162)
(787,23.6123,7.7860)
(788,23.7938,10.9961)
(789,28.8872,9.7305)
(790,26.7821,8.6107)
(791,25.6945,7.7974)
(792,33.6915,10.2463)
(793,35.0988,12.1920)
(794,36.9838,11.8372)
(795,30.1509,9.1176)
(796,30.0008,10.4061)
(797,28.4724,9.2375)
(798,33.6075,13.3352)
(799,31.4537,11.7553)
(800,31.5509,9.6215)
(801,30.5872,10.5705)
(802,25.9715,10.2759)
(803,21.9703,7.7938)
(804,16.8503,4.8940)
(805,19.3785,6.1904)
(806,21.0504,7.4667)
(807,30.9291,12.1058)
(808,30.7545,13.3333)
(809,32.5642,13.6238)
(810,31.9226,14.8870)
(811,29.6206,12.7886)
(812,31.4156,11.4602)
(813,34.4715,11.2840)
(814,35.5754,12.2220)
(815,35.9324,11.3860)
(816,34.1960,12.9465)
(817,39.7563,14.2387)
(818,41.5290,14.8058)
(819,34.4201,14.1421)
(820,32.1624,13.8578)
(821,33.1956,14.7113)
(822,32.3510,15.8991)
(823,32.2260,18.2214)
(824,32.1268,19.2690)
(825,31.4513,17.6605)
(826,33.0055,15.7552)
(827,30.3548,17.5745)
(828,29.9377,18.2553)
(829,35.0144,20.6038)
(830,33.0372,19.5078)
(831,33.2234,17.7266)
(832,32.6014,15.9350)
(833,30.1740,17.0073)
(834,29.1252,16.5608)
(835,29.7169,18.1083)
(836,28.1672,17.2742)
(837,31.6763,16.8467)
(838,30.8524,15.0106)
(839,34.3305,17.8910)
(840,35.7265,15.9077)
(841,28.6866,18.7165)
(842,28.7594,15.5596)
(843,30.1388,15.9586)
(844,31.0141,17.4507)
(845,31.8763,19.3402)
(846,26.9978,15.9617)
(847,28.9311,14.8972)
(848,28.1380,17.0782)
(849,32.2385,17.6871)
(850,30.5376,15.2341)
(851,35.0836,21.4707)
(852,30.5470,17.2678)
(853,33.0592,15.9796)
(854,31.9762,13.8107)
(855,31.9162,11.8914)
(856,35.6965,12.0352)
(857,37.5507,13.6784)
(858,35.3985,13.9904)
(859,32.4663,15.7852)
(860,30.3161,13.3034)
(861,31.4275,12.6796)
(862,34.8788,12.4751)
(863,39.2395,12.7354)
(864,39.2078,15.5722)
(865,45.1355,14.7879)
(866,43.7795,14.0816)
(867,50.5513,16.3633)
(868,58.1434,18.1934)
(869,63.8065,32.0817)
(870,62.5029,28.0328)
(871,63.9620,26.1148)
(872,66.8569,26.6522)
(873,66.0553,36.8754)
(874,63.4314,33.2435)
(875,60.2665,23.7662)
(876,62.4763,29.2407)
(877,57.1960,24.9966)
(878,55.7980,21.4251)
(879,59.9956,25.3968)
(880,63.1615,29.1904)
(881,70.0169,36.8595)
(882,67.1712,38.6810)
(883,74.6810,43.5036)
(884,76.6709,45.9278)
(885,75.8157,41.8207)
(886,68.6456,39.3446)
(887,68.6928,30.7792)
(888,67.2422,31.2283)
(889,67.5629,31.0939)
(890,71.6573,42.0243)
(891,63.2380,27.8796)
(892,63.4950,25.1324)
(893,64.7948,27.9288)
(894,63.0912,26.2728)
(895,69.9408,33.0672)
(896,66.7335,24.7299)
(897,64.5177,23.9826)
(898,62.2717,27.9769)
(899,61.4621,28.8712)
(900,63.5695,27.7752)
(901,57.7065,23.7320)
(902,56.2753,24.4276)
(903,49.7302,20.0397)
(904,54.8697,19.7956)
(905,51.1189,17.5163)
(906,44.3044,15.4102)
(907,44.5965,16.9085)
(908,50.7180,20.5758)
(909,51.9074,26.4213)
(910,57.9628,33.6273)
(911,61.3161,37.9965)
(912,57.4472,27.5376)
(913,49.2324,23.0579)
(914,50.8387,23.6771)
(915,39.8632,21.3258)
(916,33.1581,15.5230)
(917,34.0613,14.9673)
(918,39.8297,15.5149)
(919,46.6152,20.2488)
(920,48.6390,24.3927)
(921,43.1148,14.7373)
(922,47.1622,17.4547)
(923,50.3157,26.5461)
(924,47.6677,21.1533)
(925,48.6064,21.2225)
(926,44.0617,18.9694)
(927,37.5964,15.6488)
(928,36.8529,15.7465)
(929,27.5569,11.9516)
(930,38.0400,16.8778)
(931,29.5712,16.5722)
(932,33.0890,17.6346)
(933,35.9989,17.7083)
(934,36.9162,16.5361)
(935,34.7803,15.9495)
(936,40.5319,14.5006)
(937,31.2786,14.1730)
(938,41.4805,16.8263)
(939,34.3868,17.2836)
(940,33.8625,17.4695)
(941,34.3279,18.1108)
(942,34.8272,18.5153)
(943,35.3360,17.6059)
(944,36.0237,18.1185)
(945,34.3767,17.3603)
(946,32.8742,18.2540)
(947,34.8191,19.8963)
(948,35.4422,18.7171)
(949,34.3072,18.5476)
(950,50.1700,21.7258)
(951,48.0028,21.3771)
(952,46.6785,21.4651)
(953,45.0496,22.2035)
(954,48.6924,22.5519)
(955,46.9697,21.9007)
(956,64.2286,26.7849)
(957,58.8409,25.4972)
(958,51.4269,21.9031)
(959,50.4007,23.1909)
(960,49.5681,21.7170)
(961,51.3463,21.3848)
(962,63.6569,28.3088)
(963,58.7773,23.4926)
(964,47.2166,21.0851)
(965,47.1565,21.7711)
(966,49.0196,22.8722)
(967,55.0945,21.9683)
(968,53.9870,21.5313)
(969,52.7008,21.6840)
(970,47.6710,20.9151)
(971,48.2219,22.8816)
(972,51.2032,22.2483)
(973,45.6742,20.1577)
(974,50.4945,23.6062)
(975,52.5055,22.8884)
(976,52.3436,21.4764)
(977,50.0982,21.8496)
(978,44.9589,21.9930)
(979,45.8113,21.4102)
(980,37.4869,20.0669)
(981,37.2422,20.2035)
(982,48.6651,21.8879)
(983,35.3526,19.0673)
(984,42.5061,21.2392)
(985,37.0631,20.6200)
(986,45.1425,23.1934)
(987,52.2709,24.8983)
(988,45.8815,22.0720)
(989,42.0750,22.2558)
(990,50.7852,25.4634)
(991,52.2367,22.9760)
(992,56.8885,25.3658)
(993,50.2033,23.8585)
(994,41.6496,21.2753)
(995,46.1538,22.0505)
(996,43.8157,21.9390)
(997,51.8138,24.0425)
(998,52.7882,26.6148)
(999,58.4612,32.3869)
(1000,44.7294,21.1435)
(1001,44.8464,22.9997)
(1002,45.6713,21.9617)
(1003,43.8413,20.5351)
(1004,53.2828,26.1527)
(1005,49.8269,22.5725)
(1006,39.5338,20.1299)
(1007,36.1156,21.0703)
(1008,49.1432,23.9354)
(1009,46.8111,21.8634)
(1010,45.6732,21.5419)
(1011,55.0945,26.6512)
(1012,36.5697,20.0407)
(1013,33.4525,20.2260)
(1014,40.2923,19.3523)
(1015,42.6164,20.7757)
(1016,39.2836,20.7534)
(1017,32.1036,19.0085)
(1018,32.1055,19.5494)
(1019,32.8174,19.8885)
(1020,35.0985,20.9845)
(1021,39.2280,20.5725)
(1022,37.2302,20.6278)
(1023,36.1802,19.8208)
(1024,38.2741,19.2454)
(1025,32.0801,17.9792)
(1026,36.6990,19.0492)
(1027,36.1756,19.1489)
(1028,38.0868,19.8744)
(1029,35.9293,18.9428)
(1030,35.5644,18.9038)
(1031,32.6132,17.0583)
(1032,39.5683,19.4771)
(1033,44.0568,20.3997)
(1034,41.8148,21.4597)
(1035,43.1282,20.7952)
(1036,42.3681,20.8019)
(1037,43.4513,20.7323)
(1038,42.8420,20.8201)
(1039,40.9611,19.9598)
(1040,41.6898,19.7497)
(1041,39.3264,18.9276)
(1042,38.9268,20.7313)
(1043,43.9012,21.2308)
(1044,42.0847,20.9594)
(1045,39.5545,20.4433)
(1046,39.5660,21.4094)
(1047,43.5164,21.2241)
(1048,45.7280,22.7040)
(1049,37.7556,19.6159)
(1050,35.3556,16.8311)
(1051,39.3476,17.9457)
(1052,43.2069,22.1692)
(1053,40.8763,19.3591)
(1054,44.5953,20.6121)
(1055,40.0710,20.7204)
(1056,39.2835,18.6267)
(1057,36.8724,18.5553)
(1058,33.8781,17.9079)
(1059,40.1624,22.9640)
(1060,39.7903,23.5875)
(1061,40.5057,22.1433)
(1062,42.6999,23.4719)
(1063,44.3589,29.3513)
(1064,44.4423,25.1981)
(1065,39.4969,20.3044)
(1066,42.0280,25.2616)
(1067,50.5473,27.4801)
(1068,50.3981,27.8574)
(1069,42.6048,26.5505)
(1070,37.1151,23.1547)
(1071,39.7014,24.3542)
(1072,39.4101,23.3239)
(1073,37.4197,21.2170)
(1074,35.3356,19.7934)
(1075,40.2881,21.0220)
(1076,47.3626,22.0079)
(1077,37.0195,19.8806)
(1078,44.1873,20.8472)
(1079,43.0211,22.3688)
(1080,42.7531,20.9800)
(1081,41.9069,22.5275)
(1082,46.3937,23.9404)
(1083,49.1797,29.4508)
(1084,59.0302,34.8901)
(1085,56.0705,35.0078)
(1086,53.8752,31.4720)
(1087,55.6100,31.4781)
(1088,47.4484,23.2033)
(1089,43.0986,20.7766)
(1090,38.5145,20.3986)
(1091,38.6654,20.8288)
(1092,41.6277,21.6440)
(1093,36.3325,19.6366)
(1094,39.2851,20.0759)
(1095,38.4086,20.6355)
(1096,45.2233,21.7498)
(1097,40.6356,20.5249)
(1098,39.3404,20.0594)
(1099,41.9128,20.4309)
(1100,45.9722,23.7318)
(1101,44.5251,20.9921)
(1102,46.5029,22.3442)
(1103,44.0684,21.4115)
(1104,44.4938,19.6598)
(1105,45.9436,19.9953)
(1106,50.0845,25.6395)
(1107,51.9985,27.5763)
(1108,54.3171,29.8973)
(1109,50.0000,20.9086)
(1110,47.3416,23.5611)
(1111,44.9425,23.6698)
(1112,48.9973,23.1546)
(1113,46.9558,24.9856)
(1114,46.8307,28.3919)
(1115,47.3575,28.8377)
(1116,54.5882,40.0411)
(1117,51.0835,32.4935)
(1118,54.1507,38.1803)
(1119,57.0309,39.2982)
(1120,55.9905,34.6601)
(1121,60.3281,34.1732)
(1122,57.9041,36.6449)
(1123,55.3063,36.4502)
(1124,55.1384,33.7016)
(1125,53.5830,27.7283)
(1126,56.6379,37.4918)
(1127,55.8367,27.6616)
(1128,59.5069,27.2843)
(1129,53.6164,25.3871)
(1130,56.5904,29.0560)
(1131,52.8400,25.2972)
(1132,50.8100,24.8774)
(1133,50.4832,24.0127)
(1134,52.9074,26.5306)
(1135,54.1107,30.2793)
(1136,54.8342,26.8049)
(1137,54.9265,26.1946)
(1138,56.8367,27.2239)
(1139,52.8645,22.0923)
(1140,55.7784,23.4830)
(1141,52.3983,22.1866)
(1142,55.5289,23.6961)
(1143,53.6252,25.9132)
(1144,55.5842,23.8934)
(1145,51.6123,20.1917)
(1146,51.9760,23.7341)
(1147,55.5403,21.9489)
(1148,57.0519,28.0059)
(1149,54.8887,21.2708)
(1150,54.7166,22.3589)
(1151,53.3072,24.2845)
(1152,51.0326,19.2972)
(1153,51.8791,22.4799)
(1154,48.9338,19.8988)
(1155,52.0375,23.3953)
(1156,52.3325,21.0740)
(1157,50.1192,19.6875)
(1158,51.4772,24.5557)
(1159,47.3302,21.5442)
(1160,50.1570,19.7517)
(1161,46.2423,18.0302)
(1162,47.8150,21.0347)
(1163,45.6552,19.5154)
(1164,50.0389,24.2776)
(1165,44.0723,17.8073)
(1166,42.0411,18.8744)
(1167,38.4540,17.7349)
(1168,47.1174,22.7972)
(1169,40.8040,18.6129)
(1170,40.3729,19.4277)
(1171,40.5533,19.0769)
(1172,41.2414,20.0447)
(1173,38.6904,17.6619)
(1174,37.1805,18.6172)
(1175,36.6361,16.9628)
(1176,41.4626,19.1436)
(1177,38.5834,17.7321)
(1178,36.2972,18.1266)
(1179,35.0659,16.6466)
(1180,38.8276,17.5997)
(1181,35.9131,16.8180)
(1182,37.7802,17.4386)
(1183,34.7722,17.2014)
(1184,36.1559,17.0163)
(1185,36.1065,16.9691)
(1186,35.4781,16.1968)
(1187,31.8873,16.4066)
(1188,35.2261,16.3115)
(1189,35.8502,16.5316)
(1190,37.4882,17.0506)
(1191,34.5325,15.9028)
(1192,38.1909,17.4820)
(1193,45.8562,23.2819)
(1194,51.0537,27.9774)
(1195,50.3599,27.6084)
(1196,51.8392,29.1514)
(1197,54.6375,30.6605)
(1198,56.0750,32.3386)
(1199,55.8183,31.6577)
(1200,58.3429,34.3429)
(1201,39.2295,21.3385)
(1202,54.9545,31.6896)
(1203,54.9842,31.7057)
(1204,54.2682,30.0108)
(1205,52.9171,30.1518)
(1206,53.3881,31.3884)
(1207,54.3696,30.7814)
(1208,55.5259,31.1430)
(1209,50.6681,25.8322)
(1210,52.3708,27.5598)
(1211,53.3419,28.5027)
(1212,54.8431,32.5767)
(1213,55.3335,32.9860)
(1214,46.9360,24.3061)
(1215,50.3814,21.9711)
(1216,45.4004,22.5867)
(1217,45.3517,19.9889)
(1218,43.8652,12.9088)
(1219,44.0393,14.4781)
(1220,45.4680,17.8539)
(1221,54.9850,17.3146)
(1222,47.2044,14.0988)
(1223,48.7539,13.6544)
(1224,45.6219,11.6990)
(1225,39.1067,9.2361)
(1226,35.2844,7.3959)
(1227,41.3806,9.8759)
(1228,38.9480,9.5575)
(1229,47.3067,9.1825)
(1230,38.5848,7.4944)
(1231,29.8082,5.6024)
(1232,32.5090,6.7258)
(1233,46.7336,9.9949)
(1234,43.7751,18.5620)
(1235,42.5528,17.4917)
(1236,42.6599,19.6617)
(1237,43.5006,17.9639)
(1238,43.7641,18.2779)
(1239,43.0219,18.0220)
(1240,43.4854,19.1056)
(1241,43.0114,18.2310)
(1242,43.0088,18.4167)
(1243,41.8886,17.1943)
(1244,41.5868,17.2342)
(1245,41.7296,18.0183)
(1246,41.5842,18.0827)
(1247,42.4633,17.1908)
(1248,41.6565,16.7140)
(1249,41.9713,16.3980)
(1250,41.6804,16.4194)
(1251,41.8147,16.3450)
(1252,41.2778,16.3835)
(1253,41.6375,16.4099)
(1254,42.5885,15.9086)
(1255,42.0598,16.7463)
(1256,42.7907,16.3226)
(1257,43.7099,16.9552)
(1258,43.2533,17.3112)
(1259,42.6627,17.4151)
(1260,42.6161,16.6214)
(1261,42.3315,17.7778)
(1262,43.4996,19.2024)
(1263,42.8384,17.9289)
(1264,43.0335,17.6970)
(1265,42.8587,15.9832)
(1266,42.6622,16.7024)
(1267,41.6854,15.9502)
(1268,40.9627,15.8737)
(1269,41.0095,15.9044)
(1270,41.8159,16.6837)
(1271,41.4853,16.2050)
(1272,41.4719,15.7392)
(1273,41.8751,16.6285)
(1274,41.1420,16.0752)
(1275,38.9225,15.7665)
(1276,37.8808,15.1526)
(1277,40.1077,15.8259)
(1278,40.0673,15.2906)
(1279,39.3235,15.8326)
(1280,38.8178,15.1737)
(1281,37.9955,14.7992)
(1282,37.5685,15.8063)
(1283,41.1926,16.9749)
(1284,40.9444,16.6611)
(1285,41.8474,17.6425)
(1286,41.9681,17.5261)
(1287,41.6437,16.2705)
(1288,41.9116,16.8181)
(1289,42.1216,15.8769)
(1290,41.5418,15.4729)
(1291,41.4846,15.5904)
(1292,41.8368,15.8081)
(1293,41.6548,15.4454)
(1294,41.6388,15.7795)
(1295,41.9649,16.8046)
(1296,42.1581,16.7856)
(1297,41.8588,16.1835)
(1298,42.3547,16.5721)
(1299,42.4021,16.3579)
(1300,42.2606,16.0406)
(1301,41.5338,15.5062)
(1302,41.6996,16.2825)
(1303,41.4236,15.9296)
(1304,40.7113,15.5747)
(1305,41.0398,14.7604)
(1306,40.7657,15.6854)
(1307,40.9375,15.5379)
(1308,41.3770,15.4172)
(1309,40.2201,14.2841)
(1310,41.6056,16.5316)
(1311,40.8562,14.5875)
(1312,40.8211,15.1409)
(1313,41.8012,14.4147)
(1314,42.1988,15.2698)
(1315,42.5057,15.5386)
(1316,41.9739,15.0629)
(1317,41.7521,14.2609)
(1318,42.2950,15.3318)
(1319,42.9650,15.9562)
(1320,42.4242,15.6794)
(1321,42.3197,15.7395)
(1322,42.3714,16.7442)
(1323,42.8246,16.7551)
(1324,42.4256,16.2760)
(1325,41.8562,16.8814)
(1326,42.9608,17.4288)
(1327,42.7658,17.0171)
(1328,43.0378,17.6457)
(1329,42.6195,17.8384)
(1330,42.0254,17.7221)
(1331,42.3497,17.9082)
(1332,43.1070,17.6855)
(1333,41.5175,17.4563)
(1334,42.7622,17.8987)
(1335,38.3286,17.4362)
(1336,41.4994,18.2832)
(1337,39.6078,17.8198)
(1338,39.0511,17.9499)
(1339,42.5441,17.1646)
(1340,43.2959,17.3405)
(1341,42.7119,16.5894)
(1342,43.3083,17.3416)
(1343,43.2200,17.7768)
(1344,43.2726,17.2256)
(1345,42.7631,17.2109)
(1346,42.4938,17.2297)
(1347,41.1026,16.7336)
(1348,41.0164,17.5284)
(1349,41.5205,17.2179)
(1350,41.6047,17.4254)
(1351,41.8676,17.2374)
(1352,41.4616,16.9323)
(1353,41.2452,16.6747)
(1354,39.8495,16.9669)
(1355,39.8101,16.8828)
(1356,39.9275,17.0929)
(1357,40.2779,17.2039)
(1358,40.2417,17.3887)
(1359,40.4665,17.0769)
(1360,40.0221,17.4947)
(1361,40.1547,17.5888)
(1362,39.9978,18.1775)
(1363,39.9878,18.2575)
(1364,41.1282,18.0448)
(1365,40.7778,17.9725)
(1366,37.4019,17.9450)
(1367,40.7507,17.6513)
(1368,40.6328,17.4580)
(1369,37.5610,17.3166)
(1370,41.5587,16.9497)
(1371,41.5655,17.1038)
(1372,41.4134,16.5831)
(1373,40.8904,17.4712)
(1374,41.2011,17.1916)
(1375,41.2483,17.6287)
(1376,40.7771,15.9451)
(1377,41.1937,16.6104)
(1378,40.9960,16.5686)
(1379,41.3898,16.2603)
(1380,41.2653,16.5242)
(1381,40.8910,15.7859)
(1382,38.4794,17.5992)
(1383,40.6156,15.7293)
(1384,39.3460,17.4073)
(1385,40.6011,15.2565)
(1386,39.3514,17.3769)
(1387,41.2559,17.5777)
(1388,40.1543,16.4021)
(1389,40.8434,16.9218)
(1390,40.8993,17.0333)
(1391,41.4119,17.1173)
(1392,42.0582,17.3619)
(1393,41.7741,16.8020)
(1394,42.0217,16.9607)
(1395,42.0524,17.4556)
(1396,41.9862,18.0288)
(1397,42.3237,17.7315)
(1398,42.8238,18.6589)
(1399,42.2718,19.2028)
(1400,42.7686,19.1265)
(1401,42.1707,19.4614)
(1402,42.1708,18.4596)
(1403,42.0372,19.0248)
(1404,43.3043,18.4553)
(1405,42.2175,17.5373)
(1406,41.6237,16.8928)
(1407,41.5653,16.6747)
(1408,42.3252,17.0477)
(1409,41.3373,16.6667)
(1410,41.7687,17.4162)
(1411,41.6569,15.8827)
(1412,42.0842,16.5515)
(1413,41.7810,17.5824)
(1414,41.1066,17.6340)
(1415,40.3382,18.2807)
(1416,41.5360,18.4026)
(1417,41.5441,18.4567)
(1418,40.2822,17.7339)
(1419,33.0116,15.4302)
(1420,42.4985,16.2751)
(1421,41.6922,16.0763)
(1422,43.2881,17.2976)
(1423,43.4033,17.0626)
(1424,43.3537,17.2674)
(1425,43.6172,18.1526)
(1426,43.4442,18.5499)
(1427,42.5954,17.4214)
(1428,43.4108,17.4177)
(1429,42.9622,17.2430)
(1430,39.4503,18.4405)
(1431,42.8503,17.8629)
(1432,40.9884,17.7823)
(1433,43.4168,18.1430)
(1434,43.7813,18.7247)
(1435,43.4437,19.2379)
(1436,44.1468,19.2140)
(1437,43.8650,18.7208)
(1438,43.8207,19.3241)
(1439,43.7470,19.0147)
(1440,43.6617,18.6268)
(1441,43.2762,18.1006)
(1442,42.1984,18.7297)
(1443,40.7325,19.1076)
(1444,43.5828,18.1286)
(1445,42.7275,18.3134)
(1446,44.4695,18.6988)
(1447,43.4688,18.0311)
(1448,42.6964,17.0786)
(1449,42.7006,16.9830)
(1450,43.9099,18.8128)
(1451,44.0940,18.6222)
(1452,43.9047,18.1374)
(1453,43.5805,18.1756)
(1454,45.0270,19.7259)
(1455,43.6283,18.2288)
(1456,43.4389,17.2993)
(1457,43.2247,17.5098)
(1458,42.9887,17.8229)
(1459,43.2589,18.0354)
(1460,43.0052,17.6490)
(1461,43.5912,18.4789)
(1462,43.0854,18.1087)
(1463,42.7332,18.0935)
(1464,42.9267,18.5968)
(1465,43.7989,19.0992)
(1466,43.4922,18.7628)
(1467,43.7211,18.0266)
(1468,43.5081,17.9975)
(1469,43.6961,18.5542)
(1470,40.6952,18.6780)
(1471,43.8509,18.8579)
(1472,43.6991,18.5859)
(1473,43.5003,18.7251)
(1474,43.2202,18.4802)
(1475,43.2929,18.6832)
(1476,43.1961,18.0701)
(1477,43.5249,18.3221)
(1478,43.0871,18.2166)
(1479,42.9862,18.1777)
(1480,43.2438,18.3177)
(1481,41.9465,19.1836)
(1482,43.6924,19.4618)
(1483,43.5424,18.3881)
(1484,43.8493,18.3951)
(1485,43.8947,18.3024)
(1486,43.8074,19.1667)
(1487,43.9849,18.7714)
(1488,43.0390,18.3574)
(1489,43.5972,18.4961)
(1490,43.7991,18.2694)
(1491,43.3586,18.3759)
(1492,43.8973,18.4858)
(1493,43.9045,18.4726)
(1494,43.6973,18.6365)
(1495,43.2889,18.0955)
(1496,43.5311,18.1531)
(1497,43.8199,18.5506)
(1498,43.6163,18.4486)
(1499,43.5659,18.4405)
(1500,43.4307,18.6874)
(1501,43.4453,18.4584)
(1502,43.5451,18.2914)
(1503,40.0740,17.7341)
(1504,43.0041,17.5656)
(1505,42.6886,17.3988)
(1506,42.5276,16.9638)
(1507,42.4662,16.8623)
(1508,42.7674,16.9654)
(1509,42.6715,17.5060)
(1510,35.5461,16.9585)
(1511,43.2490,18.3541)
(1512,43.7497,18.5429)
(1513,43.8996,18.4635)
(1514,38.4777,17.4282)
(1515,43.8451,19.4506)
(1516,39.0617,17.7453)
(1517,43.9469,19.2798)
(1518,41.8052,18.5984)
(1519,42.6252,19.0800)
(1520,39.4474,17.2834)
(1521,43.3802,19.0558)
(1522,40.2913,17.4543)
(1523,40.3253,17.6509)
(1524,40.3229,17.0423)
(1525,40.5815,17.7957)
(1526,41.1945,17.7521)
(1527,41.2464,17.9055)
(1528,40.4368,17.0311)
(1529,40.6675,17.3373)
(1530,41.2245,17.7566)
(1531,40.4013,18.0532)
(1532,40.8360,17.8275)
(1533,40.8873,17.7816)
(1534,38.6840,17.8517)
(1535,39.5111,18.4581)
(1536,39.4460,17.5563)
(1537,39.4049,18.0591)
(1538,39.3599,16.3263)
(1539,39.6674,17.1721)
(1540,39.6266,16.4573)
(1541,39.5837,16.6573)
(1542,38.6649,16.1734)
(1543,42.1400,19.1349)
(1544,41.6049,17.5785)
(1545,41.9684,17.4792)
(1546,41.3920,18.4885)
(1547,40.4064,17.1683)
(1548,39.8105,16.6853)
(1549,40.1601,19.3775)
(1550,38.6421,18.6512)
(1551,38.9158,18.1778)
(1552,39.2585,17.0387)
(1553,37.8754,16.9530)
(1554,39.1771,16.5587)
(1555,38.4285,18.7901)
(1556,38.9182,18.3263)
(1557,39.6109,17.9297)
(1558,39.1182,17.2475)
(1559,40.2170,17.8680)
(1560,40.0904,17.4734)
(1561,40.0130,18.0168)
(1562,38.8145,17.7719)
(1563,39.9762,17.7982)
(1564,39.9621,16.9265)
(1565,40.2555,16.7677)
(1566,40.5809,17.1918)
(1567,39.6620,17.5783)
(1568,40.0291,17.0645)
(1569,40.3711,17.9335)
(1570,39.3636,17.6370)
(1571,38.6894,17.6517)
(1572,39.2305,18.2741)
(1573,40.2503,17.1317)
(1574,39.7213,18.5292)
(1575,39.8583,17.8779)
(1576,39.7864,16.4625)
(1577,40.6115,17.1100)
(1578,41.3714,18.9584)
(1579,41.1957,19.0041)
(1580,40.5885,18.5484)
(1581,40.0498,18.3176)
(1582,40.7814,18.2508)
(1583,41.1642,18.7530)
(1584,41.2185,19.4322)
(1585,38.4184,20.3894)
(1586,38.1555,20.6648)
(1587,38.6196,19.4676)
(1588,36.2484,18.7155)
(1589,35.1825,19.1215)
(1590,36.5331,18.9592)
(1591,34.4424,18.3713)
(1592,35.3311,19.0052)
(1593,35.9212,21.4662)
(1594,37.3559,18.7012)
(1595,39.5229,16.1521)
(1596,40.7814,17.4090)
(1597,40.6810,15.5088)
(1598,42.2667,15.1053)
(1599,33.3439,14.3086)
(1600,38.6444,12.2898)
(1601,38.6945,14.6335)
(1602,40.0285,14.1274)
(1603,37.9512,15.6069)
(1604,36.3863,15.7003)
(1605,39.1905,17.5007)
(1606,37.9962,17.3688)
(1607,38.9022,15.6703)
(1608,41.5062,19.3824)
(1609,40.5269,18.2206)
(1610,42.4095,21.2343)
(1611,39.3184,16.3437)
(1612,40.8887,20.8567)
(1613,37.1213,17.0766)
(1614,37.3551,14.8575)
(1615,38.0886,15.1346)
(1616,36.3033,13.5705)
(1617,36.4392,16.0852)
(1618,36.4620,16.0816)
(1619,37.6719,16.0687)
(1620,37.0737,15.3755)
(1621,36.9293,15.1299)
(1622,36.7924,14.8370)
(1623,36.3671,13.8452)
(1624,35.3653,13.6354)
(1625,35.6291,12.9479)
(1626,35.4167,12.7562)
(1627,35.0556,11.2060)
(1628,35.3581,12.1761)
(1629,34.8385,11.5431)
(1630,34.5530,11.5542)
(1631,34.8554,11.9891)
(1632,34.4728,12.0359)
(1633,34.4947,11.5529)
(1634,33.9222,10.8552)
(1635,34.6135,11.6111)
(1636,33.5273,11.3685)
(1637,34.6535,11.3358)
(1638,34.1839,10.3925)
(1639,35.1638,11.8034)
(1640,34.8371,12.5833)
(1641,33.5776,11.7628)
(1642,34.3608,11.7428)
(1643,33.9315,11.2142)
(1644,34.0732,11.6755)
(1645,34.0073,11.8176)
(1646,34.3199,11.6026)
(1647,34.6978,12.0954)
(1648,34.6527,11.6167)
(1649,34.5426,11.4257)
(1650,34.4401,11.1210)
(1651,34.2670,11.4321)
(1652,34.0396,11.4686)
(1653,34.6144,11.5751)
(1654,34.0043,10.9931)
(1655,33.5524,11.0257)
(1656,33.1003,10.5651)
(1657,33.3592,11.0801)
(1658,33.3527,11.0900)
(1659,33.3655,10.8009)
(1660,33.0917,10.8157)
(1661,33.7612,10.6032)
(1662,33.6095,11.0886)
(1663,33.5696,11.3244)
(1664,33.8582,11.5115)
(1665,33.3850,11.3459)
(1666,33.9295,11.0987)
(1667,33.4281,11.1024)
(1668,33.4409,11.0519)
(1669,33.6128,11.0284)
(1670,33.7329,10.4831)
(1671,33.4361,10.6135)
(1672,33.2723,10.9655)
(1673,33.1697,10.4439)
(1674,32.7059,10.8757)
(1675,32.2334,10.7507)
(1676,32.0621,10.5881)
(1677,33.5557,10.5675)
(1678,33.3028,10.4659)
(1679,33.3864,10.3347)
(1680,33.2786,10.7572)
(1681,33.5508,10.8928)
(1682,32.0994,10.9963)
(1683,33.3089,11.5278)
(1684,33.1076,11.0055)
(1685,33.2617,10.8096)
(1686,33.1282,11.1173)
(1687,32.9686,11.0346)
(1688,32.5337,12.3481)
(1689,33.0978,11.5505)
(1690,33.0300,11.5899)
(1691,32.7781,11.6354)
(1692,32.6180,11.6766)
(1693,32.8657,12.6100)
(1694,33.0663,12.6886)
(1695,32.7207,12.6648)
(1696,32.9412,12.5014)
(1697,33.2613,12.0093)
(1698,31.9311,11.5358)
(1699,32.8922,11.3532)
(1700,32.8210,11.8505)
(1701,32.8675,11.8524)
(1702,32.4041,11.3618)
(1703,32.2948,11.4120)
(1704,32.9088,12.0494)
(1705,32.8770,11.7993)
(1706,33.4475,12.8539)
(1707,33.3885,12.2821)
(1708,33.0338,11.7530)
(1709,33.3946,12.1538)
(1710,33.3382,12.6254)
(1711,33.4962,12.1195)
(1712,32.6892,11.9621)
(1713,33.3414,12.0109)
(1714,33.2512,11.8635)
(1715,32.8138,11.4723)
(1716,32.7751,11.7251)
(1717,32.7634,12.0412)
(1718,32.7395,11.8789)
(1719,32.8784,12.0533)
(1720,32.4572,11.9168)
(1721,33.1001,12.1002)
(1722,32.9635,12.0646)
(1723,32.6725,12.4917)
(1724,32.8328,12.6140)
(1725,32.7389,12.5125)
(1726,32.7898,12.4291)
(1727,32.9382,12.5682)
(1728,32.8340,12.6382)
(1729,33.3837,12.9617)
(1730,33.4140,12.7461)
(1731,33.6603,13.1424)
(1732,33.4825,12.9110)
(1733,33.4147,13.1640)
(1734,33.5781,12.9960)
(1735,33.2586,12.7850)
(1736,32.9862,12.7979)
(1737,33.2279,12.8696)
(1738,33.3820,12.6580)
(1739,33.4355,12.6503)
(1740,33.5678,12.8571)
(1741,33.8299,12.7037)
(1742,33.7436,12.5067)
(1743,33.6865,12.1082)
(1744,33.7559,12.2689)
(1745,33.8645,12.7010)
(1746,33.7251,12.8335)
(1747,33.7602,12.5365)
(1748,33.6864,12.8147)
(1749,33.3108,12.6325)
(1750,34.0123,13.0486)
(1751,33.8678,12.9213)
(1752,33.6105,13.2924)
(1753,33.4029,13.6848)
(1754,34.0522,13.8653)
(1755,33.8189,13.5258)
(1756,33.9060,13.2903)
(1757,34.0513,13.6757)
(1758,34.1629,13.6594)
(1759,33.0528,12.8534)
(1760,34.1459,13.5158)
(1761,33.6023,12.6591)
(1762,34.3676,13.7743)
(1763,33.6903,12.9205)
(1764,34.1699,13.4729)
(1765,33.6232,12.6618)
(1766,33.4605,12.5771)
(1767,34.0038,13.2139)
(1768,33.4360,12.4282)
(1769,33.9184,13.2256)
(1770,33.5204,12.5122)
(1771,34.1476,13.2878)
(1772,34.1914,13.8186)
(1773,33.3991,12.5649)
(1774,34.2870,13.8794)
(1775,33.6673,13.0098)
(1776,33.6983,13.5265)
(1777,34.1335,13.6773)
(1778,33.9953,13.1354)
(1779,33.7058,12.7484)
(1780,33.5469,13.0440)
(1781,34.0261,13.2407)
(1782,34.0618,13.4547)
(1783,33.1229,12.7117)
(1784,33.4654,12.2480)
(1785,33.5352,12.3980)
(1786,33.5879,12.4585)
(1787,33.6782,12.5041)
(1788,33.6660,13.2475)
(1789,33.3735,12.3510)
(1790,34.1453,13.5020)
(1791,34.1798,13.2037)
(1792,33.1774,12.3627)
(1793,33.9327,13.6060)
(1794,33.2403,12.4069)
(1795,34.1652,13.4008)
(1796,33.3011,12.2184)
(1797,34.0743,12.9383)
(1798,33.4042,12.0937)
(1799,34.0230,12.7125)
(1800,33.7887,12.6818)
(1801,33.0431,12.0957)
(1802,33.6135,12.7279)
(1803,33.8542,12.7191)
(1804,33.6880,12.6875)
(1805,32.8836,12.1452)
(1806,33.7888,13.1307)
(1807,33.7902,12.5180)
(1808,33.4256,12.4727)
(1809,32.5590,12.1475)
(1810,33.6599,12.7117)
(1811,33.2476,13.7255)
(1812,33.0044,13.2737)
(1813,34.0135,14.1211)
(1814,32.8059,12.6216)
(1815,31.4795,12.3116)
(1816,34.5752,15.4244)
(1817,33.7387,14.0865)
(1818,33.3044,14.2553)
(1819,31.5881,12.2878)
(1820,32.0976,12.3529)
(1821,32.2731,12.0968)
(1822,31.9355,12.1949)
(1823,31.8811,12.3133)
(1824,31.7193,12.2652)
(1825,32.8475,12.3882)
(1826,31.8473,12.3418)
(1827,30.7118,12.1723)
(1828,29.9012,12.3436)
(1829,29.8048,11.9356)
(1830,30.8746,12.3537)
(1831,30.4320,12.0245)
(1832,30.5843,12.1158)
(1833,31.4758,13.3461)
(1834,32.0962,13.1164)
(1835,32.0120,13.1759)
(1836,31.3717,13.5132)
(1837,31.3298,13.0219)
(1838,31.6936,13.1115)
(1839,33.3301,13.6040)
(1840,31.8098,12.9895)
(1841,31.1430,12.3847)
(1842,31.0452,12.8251)
(1843,32.6817,13.3390)
(1844,33.6144,14.3290)
(1845,33.8031,14.6416)
(1846,33.4975,13.5004)
(1847,32.7740,13.3793)
(1848,31.6960,12.5069)
(1849,31.0298,12.3968)
(1850,31.2040,12.4707)
(1851,30.7976,12.5633)
(1852,31.8843,12.5502)
(1853,31.1446,12.5772)
(1854,30.9145,12.7291)
(1855,30.2943,12.2484)
(1856,30.9101,12.5431)
(1857,33.2913,13.4495)
(1858,29.9942,11.8788)
(1859,29.8585,12.1637)
(1860,29.4894,12.1168)
(1861,29.8285,12.2780)
(1862,29.9747,12.1957)
(1863,33.7445,13.2954)
(1864,30.2950,12.5561)
(1865,29.9480,12.4958)
(1866,30.6335,12.5599)
(1867,30.9550,12.8485)
(1868,30.4585,12.3216)
(1869,32.5125,12.8672)
(1870,30.4769,12.8290)
(1871,31.5685,12.6254)
(1872,31.4738,12.8369)
(1873,33.4104,13.3454)
(1874,33.6263,13.3776)
(1875,33.5420,13.4703)
(1876,33.1342,13.6176)
(1877,33.2120,13.5376)
(1878,33.1705,13.5670)
(1879,32.8924,13.5038)
(1880,32.5813,13.4049)
(1881,32.8553,13.4277)
(1882,32.4786,13.3121)
(1883,33.2724,13.4626)
(1884,33.3061,13.4634)
(1885,33.4678,13.2791)
(1886,33.3014,13.2011)
(1887,32.3082,13.0892)
(1888,32.7165,13.3160)
(1889,33.2371,13.1831)
(1890,32.7139,12.7479)
(1891,33.1908,13.2959)
(1892,32.5133,13.1216)
(1893,32.2405,13.2157)
(1894,32.7233,13.0613)
(1895,32.3233,13.3574)
(1896,32.6504,13.3261)
(1897,32.1642,13.0190)
(1898,31.3038,12.6357)
(1899,30.5155,12.0701)
(1900,31.0683,12.2644)
(1901,29.9046,12.0621)
(1902,29.9592,12.2392)
(1903,29.5902,12.1913)
(1904,29.3183,11.6196)
(1905,31.0284,11.9184)
(1906,29.6005,11.1714)
(1907,29.6421,11.2999)
(1908,30.1316,11.4536)
(1909,31.5286,11.7623)
(1910,29.5289,11.2278)
(1911,32.1846,12.8662)
(1912,32.3727,13.2265)
(1913,31.8707,13.5869)
(1914,32.4068,13.8751)
(1915,32.2250,13.7858)
(1916,32.1423,14.1054)
(1917,32.4083,14.1980)
(1918,31.8888,14.2918)
(1919,31.9148,13.8362)
(1920,30.7137,11.9863)
(1921,31.2425,11.8474)
(1922,31.0556,11.7021)
(1923,29.9222,11.4541)
(1924,31.4403,11.9390)
(1925,30.5726,11.8541)
(1926,30.9301,11.7902)
(1927,31.2578,12.3210)
(1928,30.7619,12.0706)
(1929,31.0094,12.1825)
(1930,32.2225,12.4765)
(1931,31.8907,12.7037)
(1932,29.5062,11.6622)
(1933,30.9137,11.9431)
(1934,30.3414,12.1533)
(1935,31.5326,12.3296)
(1936,29.1246,11.6028)
(1937,31.6031,12.0141)
(1938,32.2271,11.5906)
(1939,32.4592,11.4197)
(1940,31.7082,11.6359)
(1941,31.2704,12.1046)
(1942,32.3040,12.1641)
(1943,30.5207,11.7942)
(1944,32.0155,12.4884)
(1945,31.4512,11.9663)
(1946,31.9095,12.1886)
(1947,32.4609,11.9709)
(1948,30.3014,11.1959)
(1949,32.1691,11.4813)
(1950,31.5697,11.0097)
(1951,32.1900,10.9984)
(1952,32.1514,11.2302)
(1953,31.5807,11.3686)
(1954,31.5225,11.4613)
(1955,30.4413,11.9122)
(1956,31.9097,12.1735)
(1957,30.9563,12.0304)
(1958,33.5465,13.1568)
(1959,34.9713,18.9655)
(1960,38.3257,20.3692)
(1961,40.5187,22.0820)
(1962,38.0864,21.2699)
(1963,39.8674,20.3822)
(1964,40.2936,22.7268)
(1965,37.5379,20.0043)
(1966,30.8415,17.2745)
(1967,34.3656,20.3575)
(1968,36.6345,20.9456)
(1969,34.8355,19.6099)
(1970,36.3814,19.8701)
(1971,38.5372,19.0675)
(1972,33.3699,16.4046)
(1973,31.2783,16.4013)
(1974,29.0993,17.9253)
(1975,36.4323,18.1932)
(1976,35.7287,16.5142)
(1977,35.1781,14.8533)
(1978,36.9186,17.5885)
(1979,37.1450,16.5401)
