(1,100)
(2,11.71875)
(3,17.96875)
(4,16.40625)
(5,21.09375)
(6,10.15625)
(7,8.59375)
(8,3.90625)
(9,2.34375)
(10,2.34375)
(11,3.90625)
(12,3.90625)
(13,8.59375)
(14,6.25)
(15,7.8125)
(16,3.90625)
(17,19.53125)
(18,19.53125)
(19,18.75)
(20,15.625)
(21,2.34375)
(22,3.125)
(23,4.6875)
(24,3.90625)
(25,3.90625)
(26,3.125)
(27,10.9375)
(28,21.09375)
(29,19.53125)
(30,20.3125)
(31,20.3125)
(32,20.3125)
(33,19.53125)
(34,21.09375)
(35,18.75)
(36,19.53125)
(37,17.96875)
(38,17.1875)
(39,14.84375)
(40,14.84375)
(41,14.84375)
(42,3.90625)
(43,0.0)
(44,0.0)
(45,0.0)
(46,0.0)
(47,0.0)
(48,17.1875)
(49,18.75)
(50,18.75)
(51,14.84375)
(52,0.78125)
(53,15.625)
(54,0.78125)
(55,13.28125)
(56,2.34375)
(57,12.5)
(58,8.59375)
(59,11.71875)
(60,14.84375)
(61,17.1875)
(62,17.1875)
(63,8.59375)
(64,19.53125)
(65,19.53125)
(66,14.84375)
(67,8.59375)
(68,11.71875)
(69,20.3125)
(70,14.84375)
(71,19.53125)
(72,19.53125)
(73,16.40625)
(74,20.3125)
(75,22.65625)
(76,10.9375)
(77,24.21875)
(78,14.0625)
(79,4.6875)
(80,24.21875)
(81,15.625)
(82,24.21875)
(83,16.40625)
(84,12.5)
(85,28.125)
(86,10.15625)
(87,0.78125)
(88,9.375)
(89,14.84375)
(90,15.625)
(91,13.28125)
(92,7.03125)
(93,10.9375)
(94,11.71875)
(95,8.59375)
(96,15.625)
(97,15.625)
(98,10.9375)
(99,16.40625)
(100,2.34375)
(101,14.0625)
(102,6.25)
(103,7.03125)
(104,10.15625)
(105,12.5)
(106,12.5)
(107,16.40625)
(108,10.9375)
(109,10.15625)
(110,3.125)
(111,6.25)
(112,2.34375)
(113,30.46875)
(114,47.65625)
(115,35.15625)
(116,46.09375)
(117,35.9375)
(118,36.71875)
(119,35.9375)
(120,35.9375)
(121,38.28125)
(122,39.0625)
(123,39.0625)
(124,39.84375)
(125,40.625)
(126,39.84375)
(127,40.625)
(128,40.625)
(129,39.84375)
(130,39.84375)
(131,40.625)
(132,40.625)
(133,40.625)
(134,39.84375)
(135,40.625)
(136,39.0625)
(137,40.625)
(138,40.625)
(139,40.625)
(140,40.625)
(141,39.84375)
(142,41.40625)
(143,41.40625)
(144,38.28125)
(145,39.0625)
(146,33.59375)
(147,39.84375)
(148,37.5)
(149,32.03125)
(150,32.03125)
(151,31.25)
(152,32.8125)
(153,31.25)
(154,32.03125)
(155,32.8125)
(156,39.84375)
(157,34.375)
(158,33.59375)
(159,32.03125)
(160,32.8125)
(161,32.8125)
(162,34.375)
(163,32.03125)
(164,31.25)
(165,31.25)
(166,34.375)
(167,31.25)
(168,35.15625)
(169,33.59375)
(170,32.03125)
(171,32.03125)
(172,32.8125)
(173,31.25)
(174,30.46875)
(175,28.90625)
(176,29.6875)
(177,28.125)
(178,27.34375)
(179,31.25)
(180,32.8125)
(181,41.40625)
(182,28.90625)
(183,40.625)
(184,33.59375)
(185,36.71875)
(186,12.5)
(187,41.40625)
(188,40.625)
(189,32.8125)
(190,34.375)
(191,35.15625)
(192,34.375)
(193,28.90625)
(194,34.375)
(195,26.5625)
(196,27.34375)
(197,25.78125)
(198,27.34375)
(199,27.34375)
(200,28.125)
(201,27.34375)
(202,31.25)
(203,30.46875)
(204,31.25)
(205,29.6875)
(206,32.8125)
(207,29.6875)
(208,51.5625)
(209,30.46875)
(210,36.71875)
(211,37.5)
(212,28.125)
(213,32.03125)
(214,23.4375)
(215,46.09375)
(216,45.3125)
(217,29.6875)
(218,28.125)
(219,28.125)
(220,31.25)
(221,31.25)
(222,31.25)
(223,29.6875)
(224,32.03125)
(225,26.5625)
(226,25.78125)
(227,26.5625)
(228,25.0)
(229,28.125)
(230,27.34375)
(231,35.15625)
(232,35.15625)
(233,45.3125)
(234,33.59375)
(235,34.375)
(236,34.375)
(237,34.375)
(238,34.375)
(239,32.03125)
(240,28.125)
(241,32.03125)
(242,32.03125)
(243,31.25)
(244,32.03125)
(245,21.875)
(246,33.59375)
(247,39.84375)
(248,34.375)
(249,34.375)
(250,34.375)
(251,34.375)
(252,35.15625)
(253,34.375)
(254,35.15625)
(255,35.9375)
(256,33.59375)
(257,33.59375)
(258,36.71875)
(259,37.5)
(260,33.59375)
(261,38.28125)
(262,35.15625)
(263,38.28125)
(264,35.15625)
(265,28.125)
(266,32.8125)
(267,29.6875)
(268,32.8125)
(269,28.125)
(270,22.65625)
(271,25.78125)
(272,27.34375)
(273,17.1875)
(274,25.78125)
(275,17.1875)
(276,19.53125)
(277,14.84375)
(278,25.0)
(279,18.75)
(280,32.8125)
(281,38.28125)
(282,35.15625)
(283,45.3125)
(284,44.53125)
(285,21.09375)
(286,15.625)
(287,18.75)
(288,21.875)
(289,21.875)
(290,12.5)
(291,14.0625)
(292,14.84375)
(293,26.5625)
(294,25.0)
(295,13.28125)
(296,9.375)
(297,11.71875)
(298,22.65625)
(299,21.875)
(300,25.0)
(301,18.75)
(302,23.4375)
(303,15.625)
(304,9.375)
(305,6.25)
(306,11.71875)
(307,15.625)
(308,14.0625)
(309,18.75)
(310,18.75)
(311,18.75)
(312,17.1875)
(313,15.625)
(314,15.625)
(315,14.84375)
(316,13.28125)
(317,8.59375)
(318,1.5625)
(319,0.0)
(320,0.0)
(321,0.0)
(322,0.0)
(323,0.0)
(324,0.0)
(325,0.0)
(326,0.0)
(327,0.0)
(328,0.0)
(329,0.0)
(330,0.0)
(331,0.0)
(332,0.0)
(333,0.0)
(334,0.0)
(335,0.0)
(336,0.0)
(337,1.5625)
(338,2.34375)
(339,2.34375)
(340,0.0)
(341,0.0)
(342,3.125)
(343,0.0)
(344,0.78125)
(345,2.34375)
(346,2.34375)
(347,1.5625)
(348,3.125)
(349,0.0)
(350,0.0)
(351,0.0)
(352,0.0)
(353,1.5625)
(354,10.9375)
(355,1.5625)
(356,0.0)
(357,0.0)
(358,3.125)
(359,0.0)
(360,13.28125)
(361,0.0)
(362,0.0)
(363,15.625)
(364,3.125)
(365,14.84375)
(366,16.40625)
(367,17.96875)
(368,4.6875)
(369,17.96875)
(370,2.34375)
(371,17.1875)
(372,4.6875)
(373,5.46875)
(374,7.8125)
(375,0.0)
(376,0.0)
(377,0.0)
(378,0.0)
(379,0.0)
(380,0.0)
(381,0.0)
(382,0.0)
(383,0.0)
(384,0.0)
(385,0.0)
(386,0.0)
(387,0.0)
(388,10.15625)
(389,6.25)
(390,7.03125)
(391,7.03125)
(392,6.25)
(393,0.0)
(394,0.0)
(395,0.0)
(396,6.25)
(397,6.25)
(398,0.0)
(399,0.0)
(400,0.0)
(401,0.0)
(402,0.0)
(403,0.0)
(404,0.0)
(405,19.53125)
(406,25.78125)
(407,23.4375)
(408,22.65625)
(409,14.0625)
(410,11.71875)
(411,13.28125)
(412,25.78125)
(413,25.0)
(414,23.4375)
(415,13.28125)
(416,23.4375)
(417,24.21875)
(418,22.65625)
(419,31.25)
(420,19.53125)
(421,27.34375)
(422,29.6875)
(423,20.3125)
(424,29.6875)
(425,29.6875)
(426,26.5625)
(427,28.125)
(428,25.78125)
(429,29.6875)
(430,22.65625)
(431,32.03125)
(432,33.59375)
(433,32.8125)
(434,32.03125)
(435,32.8125)
(436,33.59375)
(437,33.59375)
(438,35.9375)
(439,34.375)
(440,35.15625)
(441,34.375)
(442,35.9375)
(443,33.59375)
(444,35.15625)
(445,35.9375)
(446,33.59375)
(447,33.59375)
(448,33.59375)
(449,33.59375)
(450,32.8125)
(451,34.375)
(452,35.15625)
(453,35.15625)
(454,33.59375)
(455,34.375)
(456,34.375)
(457,34.375)
(458,32.8125)
(459,31.25)
(460,33.59375)
(461,31.25)
(462,30.46875)
(463,31.25)
(464,31.25)
(465,31.25)
(466,31.25)
(467,31.25)
(468,31.25)
(469,29.6875)
(470,30.46875)
(471,31.25)
(472,30.46875)
(473,31.25)
(474,30.46875)
(475,29.6875)
(476,16.40625)
(477,32.03125)
(478,33.59375)
(479,33.59375)
(480,32.03125)
(481,30.46875)
(482,32.03125)
(483,32.03125)
(484,32.03125)
(485,34.375)
(486,35.15625)
(487,34.375)
(488,34.375)
(489,33.59375)
(490,32.8125)
(491,31.25)
(492,18.75)
(493,31.25)
(494,30.46875)
(495,30.46875)
(496,30.46875)
(497,29.6875)
(498,31.25)
(499,31.25)
(500,31.25)
(501,31.25)
(502,30.46875)
(503,31.25)
(504,31.25)
(505,32.03125)
(506,32.8125)
(507,33.59375)
(508,34.375)
(509,34.375)
(510,34.375)
(511,34.375)
(512,34.375)
(513,35.15625)
(514,35.15625)
(515,35.15625)
(516,32.03125)
(517,32.8125)
(518,32.8125)
(519,36.71875)
(520,33.59375)
(521,31.25)
(522,28.125)
(523,29.6875)
(524,29.6875)
(525,30.46875)
(526,31.25)
(527,32.8125)
(528,32.8125)
(529,28.125)
(530,27.34375)
(531,28.125)
(532,28.125)
(533,28.90625)
(534,26.5625)
(535,28.125)
(536,26.5625)
(537,24.21875)
(538,24.21875)
(539,24.21875)
(540,22.65625)
(541,21.875)
(542,11.71875)
(543,21.875)
(544,26.5625)
(545,17.1875)
(546,17.96875)
(547,21.09375)
(548,22.65625)
(549,6.25)
(550,27.34375)
(551,21.875)
(552,17.96875)
(553,12.5)
(554,27.34375)
(555,22.65625)
(556,15.625)
(557,12.5)
(558,6.25)
(559,2.34375)
(560,21.875)
(561,14.0625)
(562,10.15625)
(563,20.3125)
(564,20.3125)
(565,12.5)
(566,1.5625)
(567,13.28125)
(568,13.28125)
(569,8.59375)
(570,3.90625)
(571,3.125)
(572,13.28125)
(573,9.375)
(574,13.28125)
(575,14.84375)
(576,17.1875)
(577,14.84375)
(578,17.96875)
(579,19.53125)
(580,20.3125)
(581,19.53125)
(582,20.3125)
(583,19.53125)
(584,19.53125)
(585,19.53125)
(586,18.75)
(587,19.53125)
(588,21.09375)
(589,21.09375)
(590,20.3125)
(591,20.3125)
(592,21.09375)
(593,19.53125)
(594,14.84375)
(595,14.0625)
(596,19.53125)
(597,8.59375)
(598,0.0)
(599,0.0)
(600,0.0)
(601,8.59375)
(602,10.15625)
(603,8.59375)
(604,10.9375)
(605,0.0)
(606,7.8125)
(607,44.53125)
(608,35.9375)
(609,22.65625)
(610,35.15625)
(611,45.3125)
(612,44.53125)
(613,46.875)
(614,40.625)
(615,28.90625)
(616,41.40625)
(617,46.875)
(618,44.53125)
(619,34.375)
(620,35.15625)
(621,27.34375)
(622,25.0)
(623,27.34375)
(624,26.5625)
(625,28.90625)
(626,27.34375)
(627,39.84375)
(628,27.34375)
(629,37.5)
(630,25.0)
(631,41.40625)
(632,23.4375)
(633,26.5625)
(634,24.21875)
(635,23.4375)
(636,28.125)
(637,25.78125)
(638,25.78125)
(639,15.625)
(640,9.375)
(641,10.15625)
(642,10.15625)
(643,9.375)
(644,11.71875)
(645,13.28125)
(646,12.5)
(647,10.9375)
(648,10.9375)
(649,10.15625)
(650,10.9375)
(651,10.15625)
(652,10.15625)
(653,10.9375)
(654,10.9375)
(655,10.15625)
(656,2.34375)
(657,10.9375)
(658,0.0)
(659,0.0)
(660,4.6875)
(661,1.5625)
(662,14.84375)
(663,0.0)
(664,0.0)
(665,0.0)
(666,0.0)
(667,0.0)
(668,3.90625)
(669,0.0)
(670,0.0)
(671,9.375)
(672,19.53125)
(673,14.0625)
(674,14.0625)
(675,0.0)
(676,18.75)
(677,17.1875)
(678,0.78125)
(679,0.0)
(680,10.15625)
(681,17.96875)
(682,18.75)
(683,17.96875)
(684,14.0625)
(685,14.84375)
(686,16.40625)
(687,14.0625)
(688,14.84375)
(689,13.28125)
(690,14.84375)
(691,15.625)
(692,14.0625)
(693,17.1875)
(694,10.15625)
(695,4.6875)
(696,12.5)
(697,10.15625)
(698,3.125)
(699,13.28125)
(700,8.59375)
(701,8.59375)
(702,12.5)
(703,8.59375)
(704,10.15625)
(705,14.0625)
(706,14.84375)
(707,14.84375)
(708,17.96875)
(709,20.3125)
(710,21.875)
(711,21.875)
(712,21.875)
(713,21.875)
(714,22.65625)
(715,18.75)
(716,19.53125)
(717,22.65625)
(718,3.125)
(719,0.0)
(720,2.34375)
(721,0.0)
(722,0.0)
(723,0.0)
(724,0.0)
(725,0.0)
(726,0.0)
(727,0.78125)
(728,5.46875)
(729,14.84375)
(730,14.0625)
(731,14.0625)
(732,10.9375)
(733,6.25)
(734,1.5625)
(735,14.84375)
(736,17.96875)
(737,18.75)
(738,15.625)
(739,0.0)
(740,0.0)
(741,8.59375)
(742,21.09375)
(743,23.4375)
(744,25.0)
(745,21.09375)
(746,20.3125)
(747,20.3125)
(748,21.09375)
(749,26.5625)
(750,27.34375)
(751,20.3125)
(752,21.875)
(753,25.0)
(754,23.4375)
(755,22.65625)
(756,21.875)
(757,21.875)
(758,12.5)
(759,27.34375)
(760,26.5625)
(761,25.0)
(762,25.0)
(763,26.5625)
(764,13.28125)
(765,29.6875)
(766,24.21875)
(767,32.8125)
(768,22.65625)
(769,32.8125)
(770,18.75)
(771,30.46875)
(772,28.125)
(773,28.125)
(774,28.125)
(775,10.15625)
(776,21.875)
(777,21.875)
(778,19.53125)
(779,19.53125)
(780,21.875)
(781,22.65625)
(782,21.875)
(783,22.65625)
(784,23.4375)
(785,23.4375)
(786,22.65625)
(787,19.53125)
(788,11.71875)
(789,18.75)
(790,18.75)
(791,11.71875)
(792,14.84375)
(793,17.96875)
(794,16.40625)
(795,19.53125)
(796,18.75)
(797,14.84375)
(798,0.78125)
(799,17.96875)
(800,16.40625)
(801,19.53125)
(802,19.53125)
(803,14.84375)
(804,9.375)
(805,0.0)
(806,0.0)
(807,1.5625)
(808,20.3125)
(809,20.3125)
(810,17.1875)
(811,16.40625)
(812,16.40625)
(813,15.625)
(814,17.96875)
(815,16.40625)
(816,17.1875)
(817,17.1875)
(818,15.625)
(819,15.625)
(820,15.625)
(821,16.40625)
(822,17.1875)
(823,16.40625)
(824,17.1875)
(825,17.96875)
(826,17.1875)
(827,18.75)
(828,19.53125)
(829,17.1875)
(830,18.75)
(831,19.53125)
(832,19.53125)
(833,18.75)
(834,19.53125)
(835,18.75)
(836,17.1875)
(837,17.96875)
(838,19.53125)
(839,17.96875)
(840,17.1875)
(841,17.1875)
(842,15.625)
(843,17.96875)
(844,17.96875)
(845,17.1875)
(846,16.40625)
(847,19.53125)
(848,19.53125)
(849,18.75)
(850,17.96875)
(851,20.3125)
(852,17.96875)
(853,16.40625)
(854,16.40625)
(855,16.40625)
(856,18.75)
(857,18.75)
(858,17.96875)
(859,16.40625)
(860,14.84375)
(861,17.96875)
(862,19.53125)
(863,16.40625)
(864,19.53125)
(865,15.625)
(866,16.40625)
(867,18.75)
(868,16.40625)
(869,16.40625)
(870,17.1875)
(871,20.3125)
(872,20.3125)
(873,19.53125)
(874,14.84375)
(875,17.1875)
(876,18.75)
(877,16.40625)
(878,17.96875)
(879,18.75)
(880,17.96875)
(881,20.3125)
(882,17.1875)
(883,16.40625)
(884,15.625)
(885,14.84375)
(886,10.9375)
(887,12.5)
(888,15.625)
(889,14.0625)
(890,15.625)
(891,17.96875)
(892,17.96875)
(893,15.625)
(894,16.40625)
(895,14.84375)
(896,13.28125)
(897,17.96875)
(898,17.96875)
(899,17.1875)
(900,17.96875)
(901,17.1875)
(902,15.625)
(903,17.96875)
(904,17.1875)
(905,18.75)
(906,18.75)
(907,20.3125)
(908,19.53125)
(909,2.34375)
(910,2.34375)
(911,20.3125)
(912,20.3125)
(913,20.3125)
(914,20.3125)
(915,20.3125)
(916,20.3125)
(917,21.875)
(918,21.09375)
(919,21.09375)
(920,12.5)
(921,0.0)
(922,21.09375)
(923,21.09375)
(924,9.375)
(925,21.09375)
(926,21.09375)
(927,21.875)
(928,21.875)
(929,21.875)
(930,21.09375)
(931,21.09375)
(932,21.875)
(933,21.875)
(934,21.09375)
(935,21.09375)
(936,21.875)
(937,21.09375)
(938,21.09375)
(939,21.09375)
(940,21.09375)
(941,21.09375)
(942,21.09375)
(943,21.09375)
(944,21.09375)
(945,21.09375)
(946,21.09375)
(947,21.09375)
(948,21.09375)
(949,21.09375)
(950,21.09375)
(951,21.09375)
(952,20.3125)
(953,21.09375)
(954,21.09375)
(955,21.09375)
(956,21.09375)
(957,21.09375)
(958,21.09375)
(959,21.09375)
(960,20.3125)
(961,21.09375)
(962,21.09375)
(963,21.09375)
(964,21.09375)
(965,21.09375)
(966,21.09375)
(967,21.09375)
(968,21.09375)
(969,21.09375)
(970,21.09375)
(971,21.09375)
(972,21.09375)
(973,21.09375)
(974,21.09375)
(975,21.09375)
(976,21.09375)
(977,21.09375)
(978,21.09375)
(979,21.09375)
(980,21.09375)
(981,21.09375)
(982,21.09375)
(983,21.09375)
(984,21.09375)
(985,21.09375)
(986,21.09375)
(987,21.09375)
(988,21.09375)
(989,21.09375)
(990,21.09375)
(991,21.09375)
(992,21.09375)
(993,21.09375)
(994,21.09375)
(995,21.09375)
(996,21.09375)
(997,21.09375)
(998,21.09375)
(999,21.09375)
(1000,21.09375)
(1001,21.09375)
(1002,21.09375)
(1003,21.09375)
(1004,21.09375)
(1005,21.09375)
(1006,21.09375)
(1007,21.09375)
(1008,21.09375)
(1009,21.09375)
(1010,21.09375)
(1011,21.09375)
(1012,21.09375)
(1013,21.09375)
(1014,21.09375)
(1015,21.09375)
(1016,21.09375)
(1017,21.09375)
(1018,21.09375)
(1019,21.09375)
(1020,21.09375)
(1021,21.09375)
(1022,21.09375)
(1023,21.09375)
(1024,21.09375)
(1025,21.09375)
(1026,21.09375)
(1027,21.09375)
(1028,21.09375)
(1029,21.09375)
(1030,21.09375)
(1031,21.09375)
(1032,21.09375)
(1033,21.09375)
(1034,21.09375)
(1035,21.09375)
(1036,21.09375)
(1037,21.09375)
(1038,21.09375)
(1039,21.09375)
(1040,21.09375)
(1041,21.09375)
(1042,21.09375)
(1043,21.09375)
(1044,21.09375)
(1045,21.09375)
(1046,21.09375)
(1047,21.09375)
(1048,21.09375)
(1049,21.09375)
(1050,21.09375)
(1051,21.09375)
(1052,21.09375)
(1053,21.09375)
(1054,21.09375)
(1055,21.09375)
(1056,21.09375)
(1057,21.09375)
(1058,21.09375)
(1059,21.875)
(1060,21.875)
(1061,21.875)
(1062,21.875)
(1063,21.875)
(1064,21.875)
(1065,21.875)
(1066,17.1875)
(1067,21.09375)
(1068,19.53125)
(1069,21.09375)
(1070,21.09375)
(1071,21.875)
(1072,21.09375)
(1073,21.09375)
(1074,21.09375)
(1075,21.875)
(1076,15.625)
(1077,21.875)
(1078,21.875)
(1079,7.8125)
(1080,21.875)
(1081,21.09375)
(1082,21.875)
(1083,21.875)
(1084,21.875)
(1085,21.875)
(1086,21.875)
(1087,21.875)
(1088,17.96875)
(1089,21.09375)
(1090,21.09375)
(1091,21.09375)
(1092,21.875)
(1093,21.09375)
(1094,21.09375)
(1095,21.09375)
(1096,21.09375)
(1097,21.09375)
(1098,21.875)
(1099,21.09375)
(1100,21.09375)
(1101,21.09375)
(1102,21.09375)
(1103,21.09375)
(1104,21.09375)
(1105,18.75)
(1106,21.09375)
(1107,20.3125)
(1108,20.3125)
(1109,17.96875)
(1110,21.09375)
(1111,21.09375)
(1112,21.09375)
(1113,18.75)
(1114,22.65625)
(1115,21.875)
(1116,21.875)
(1117,21.875)
(1118,21.875)
(1119,21.875)
(1120,21.875)
(1121,21.875)
(1122,13.28125)
(1123,21.09375)
(1124,21.09375)
(1125,21.09375)
(1126,21.09375)
(1127,21.09375)
(1128,21.09375)
(1129,18.75)
(1130,20.3125)
(1131,19.53125)
(1132,19.53125)
(1133,20.3125)
(1134,21.09375)
(1135,21.09375)
(1136,20.3125)
(1137,21.09375)
(1138,20.3125)
(1139,20.3125)
(1140,18.75)
(1141,18.75)
(1142,18.75)
(1143,18.75)
(1144,17.96875)
(1145,17.96875)
(1146,18.75)
(1147,21.09375)
(1148,17.96875)
(1149,18.75)
(1150,17.96875)
(1151,18.75)
(1152,21.09375)
(1153,17.96875)
(1154,20.3125)
(1155,18.75)
(1156,20.3125)
(1157,18.75)
(1158,18.75)
(1159,21.09375)
(1160,20.3125)
(1161,18.75)
(1162,19.53125)
(1163,20.3125)
(1164,18.75)
(1165,20.3125)
(1166,18.75)
(1167,18.75)
(1168,21.09375)
(1169,21.09375)
(1170,21.09375)
(1171,21.09375)
(1172,21.09375)
(1173,21.09375)
(1174,21.09375)
(1175,21.09375)
(1176,21.09375)
(1177,21.09375)
(1178,21.09375)
(1179,21.09375)
(1180,21.09375)
(1181,21.09375)
(1182,21.09375)
(1183,21.09375)
(1184,21.09375)
(1185,21.09375)
(1186,21.09375)
(1187,21.09375)
(1188,21.09375)
(1189,21.09375)
(1190,21.09375)
(1191,21.09375)
(1192,21.09375)
(1193,21.09375)
(1194,21.09375)
(1195,21.09375)
(1196,10.15625)
(1197,21.09375)
(1198,21.09375)
(1199,17.1875)
(1200,21.09375)
(1201,21.09375)
(1202,0.0)
(1203,21.09375)
(1204,21.09375)
(1205,21.09375)
(1206,21.09375)
(1207,21.09375)
(1208,21.09375)
(1209,21.09375)
(1210,21.09375)
(1211,21.09375)
(1212,21.09375)
(1213,21.09375)
(1214,21.09375)
(1215,21.09375)
(1216,21.09375)
(1217,19.53125)
(1218,17.1875)
(1219,14.84375)
(1220,14.84375)
(1221,14.0625)
(1222,14.0625)
(1223,14.0625)
(1224,14.84375)
(1225,2.34375)
(1226,5.46875)
(1227,2.34375)
(1228,6.25)
(1229,0.0)
(1230,2.34375)
(1231,3.125)
(1232,2.34375)
(1233,3.125)
(1234,7.8125)
(1235,32.8125)
(1236,23.4375)
(1237,17.1875)
(1238,33.59375)
(1239,30.46875)
(1240,32.8125)
(1241,32.8125)
(1242,21.875)
(1243,25.0)
(1244,25.0)
(1245,25.78125)
(1246,25.78125)
(1247,24.21875)
(1248,23.4375)
(1249,24.21875)
(1250,23.4375)
(1251,21.875)
(1252,21.875)
(1253,20.3125)
(1254,20.3125)
(1255,21.875)
(1256,17.1875)
(1257,17.1875)
(1258,21.09375)
(1259,20.3125)
(1260,30.46875)
(1261,20.3125)
(1262,19.53125)
(1263,36.71875)
(1264,35.15625)
(1265,33.59375)
(1266,31.25)
(1267,32.03125)
(1268,31.25)
(1269,31.25)
(1270,32.03125)
(1271,30.46875)
(1272,21.875)
(1273,32.03125)
(1274,23.4375)
(1275,21.875)
(1276,21.875)
(1277,21.09375)
(1278,23.4375)
(1279,22.65625)
(1280,21.875)
(1281,22.65625)
(1282,21.875)
(1283,21.875)
(1284,31.25)
(1285,35.9375)
(1286,35.15625)
(1287,34.375)
(1288,35.15625)
(1289,35.15625)
(1290,33.59375)
(1291,32.03125)
(1292,31.25)
(1293,31.25)
(1294,29.6875)
(1295,32.8125)
(1296,35.15625)
(1297,34.375)
(1298,32.8125)
(1299,33.59375)
(1300,33.59375)
(1301,33.59375)
(1302,33.59375)
(1303,33.59375)
(1304,32.8125)
(1305,32.03125)
(1306,31.25)
(1307,31.25)
(1308,22.65625)
(1309,25.0)
(1310,20.3125)
(1311,35.15625)
(1312,22.65625)
(1313,17.1875)
(1314,23.4375)
(1315,24.21875)
(1316,22.65625)
(1317,22.65625)
(1318,21.875)
(1319,23.4375)
(1320,23.4375)
(1321,22.65625)
(1322,24.21875)
(1323,22.65625)
(1324,24.21875)
(1325,23.4375)
(1326,20.3125)
(1327,24.21875)
(1328,23.4375)
(1329,24.21875)
(1330,22.65625)
(1331,25.0)
(1332,35.15625)
(1333,20.3125)
(1334,24.21875)
(1335,35.15625)
(1336,20.3125)
(1337,25.0)
(1338,23.4375)
(1339,22.65625)
(1340,22.65625)
(1341,25.0)
(1342,25.78125)
(1343,25.78125)
(1344,25.78125)
(1345,24.21875)
(1346,27.34375)
(1347,25.0)
(1348,24.21875)
(1349,21.875)
(1350,24.21875)
(1351,23.4375)
(1352,34.375)
(1353,20.3125)
(1354,31.25)
(1355,34.375)
(1356,34.375)
(1357,35.15625)
(1358,34.375)
(1359,34.375)
(1360,35.15625)
(1361,35.9375)
(1362,35.15625)
(1363,32.8125)
(1364,35.15625)
(1365,25.0)
(1366,25.78125)
(1367,21.875)
(1368,25.0)
(1369,25.0)
(1370,23.4375)
(1371,35.15625)
(1372,35.15625)
(1373,35.9375)
(1374,32.8125)
(1375,25.78125)
(1376,25.78125)
(1377,39.84375)
(1378,35.15625)
(1379,35.15625)
(1380,35.9375)
(1381,36.71875)
(1382,38.28125)
(1383,21.09375)
(1384,35.9375)
(1385,21.875)
(1386,42.1875)
(1387,21.875)
(1388,35.15625)
(1389,42.1875)
(1390,37.5)
(1391,21.09375)
(1392,39.0625)
(1393,42.96875)
(1394,42.96875)
(1395,36.71875)
(1396,27.34375)
(1397,22.65625)
(1398,25.78125)
(1399,25.78125)
(1400,25.78125)
(1401,26.5625)
(1402,25.78125)
(1403,25.0)
(1404,25.78125)
(1405,26.5625)
(1406,25.78125)
(1407,25.78125)
(1408,25.0)
(1409,26.5625)
(1410,25.0)
(1411,24.21875)
(1412,40.625)
(1413,38.28125)
(1414,28.90625)
(1415,18.75)
(1416,34.375)
(1417,21.875)
(1418,21.09375)
(1419,19.53125)
(1420,16.40625)
(1421,34.375)
(1422,39.0625)
(1423,35.15625)
(1424,36.71875)
(1425,35.9375)
(1426,25.78125)
(1427,25.78125)
(1428,32.8125)
(1429,25.0)
(1430,24.21875)
(1431,26.5625)
(1432,35.9375)
(1433,25.0)
(1434,25.0)
(1435,25.78125)
(1436,24.21875)
(1437,24.21875)
(1438,24.21875)
(1439,25.0)
(1440,24.21875)
(1441,25.0)
(1442,30.46875)
(1443,21.09375)
(1444,25.0)
(1445,33.59375)
(1446,35.9375)
(1447,22.65625)
(1448,32.8125)
(1449,39.84375)
(1450,39.84375)
(1451,35.15625)
(1452,35.15625)
(1453,35.15625)
(1454,34.375)
(1455,28.125)
(1456,34.375)
(1457,35.15625)
(1458,35.15625)
(1459,34.375)
(1460,34.375)
(1461,34.375)
(1462,35.15625)
(1463,35.15625)
(1464,34.375)
(1465,34.375)
(1466,34.375)
(1467,34.375)
(1468,36.71875)
(1469,35.9375)
(1470,35.15625)
(1471,22.65625)
(1472,35.9375)
(1473,35.9375)
(1474,35.9375)
(1475,35.9375)
(1476,34.375)
(1477,36.71875)
(1478,35.15625)
(1479,35.9375)
(1480,35.15625)
(1481,35.15625)
(1482,24.21875)
(1483,28.125)
(1484,36.71875)
(1485,35.9375)
(1486,36.71875)
(1487,35.15625)
(1488,35.15625)
(1489,35.15625)
(1490,35.9375)
(1491,35.9375)
(1492,35.9375)
(1493,35.9375)
(1494,34.375)
(1495,35.15625)
(1496,35.15625)
(1497,35.15625)
(1498,36.71875)
(1499,35.9375)
(1500,36.71875)
(1501,36.71875)
(1502,35.9375)
(1503,35.9375)
(1504,23.4375)
(1505,35.9375)
(1506,37.5)
(1507,36.71875)
(1508,36.71875)
(1509,36.71875)
(1510,36.71875)
(1511,17.1875)
(1512,36.71875)
(1513,36.71875)
(1514,38.28125)
(1515,18.75)
(1516,36.71875)
(1517,21.875)
(1518,35.9375)
(1519,28.90625)
(1520,29.6875)
(1521,21.875)
(1522,35.15625)
(1523,25.0)
(1524,25.0)
(1525,22.65625)
(1526,21.875)
(1527,21.09375)
(1528,32.8125)
(1529,29.6875)
(1530,28.90625)
(1531,28.125)
(1532,26.5625)
(1533,25.78125)
(1534,25.78125)
(1535,26.5625)
(1536,28.90625)
(1537,28.90625)
(1538,26.5625)
(1539,22.65625)
(1540,24.21875)
(1541,23.4375)
(1542,32.03125)
(1543,32.03125)
(1544,33.59375)
(1545,24.21875)
(1546,24.21875)
(1547,25.0)
(1548,24.21875)
(1549,22.65625)
(1550,31.25)
(1551,28.90625)
(1552,24.21875)
(1553,22.65625)
(1554,21.875)
(1555,22.65625)
(1556,32.8125)
(1557,30.46875)
(1558,28.90625)
(1559,27.34375)
(1560,25.78125)
(1561,27.34375)
(1562,26.5625)
(1563,23.4375)
(1564,29.6875)
(1565,27.34375)
(1566,28.125)
(1567,25.78125)
(1568,25.78125)
(1569,29.6875)
(1570,32.03125)
(1571,30.46875)
(1572,25.78125)
(1573,31.25)
(1574,22.65625)
(1575,28.90625)
(1576,25.78125)
(1577,24.21875)
(1578,26.5625)
(1579,32.03125)
(1580,33.59375)
(1581,33.59375)
(1582,34.375)
(1583,32.8125)
(1584,26.5625)
(1585,34.375)
(1586,25.0)
(1587,23.4375)
(1588,24.21875)
(1589,24.21875)
(1590,21.09375)
(1591,22.65625)
(1592,20.3125)
(1593,34.375)
(1594,17.96875)
(1595,8.59375)
(1596,8.59375)
(1597,7.03125)
(1598,13.28125)
(1599,7.8125)
(1600,7.8125)
(1601,3.125)
(1602,15.625)
(1603,12.5)
(1604,12.5)
(1605,11.71875)
(1606,18.75)
(1607,24.21875)
(1608,17.96875)
(1609,14.84375)
(1610,21.09375)
(1611,24.21875)
(1612,14.0625)
(1613,25.78125)
(1614,25.0)
(1615,17.96875)
(1616,18.75)
(1617,10.15625)
(1618,28.90625)
(1619,28.90625)
(1620,28.90625)
(1621,30.46875)
(1622,30.46875)
(1623,29.6875)
(1624,31.25)
(1625,32.03125)
(1626,30.46875)
(1627,30.46875)
(1628,26.5625)
(1629,30.46875)
(1630,31.25)
(1631,32.03125)
(1632,32.8125)
(1633,22.65625)
(1634,33.59375)
(1635,20.3125)
(1636,35.15625)
(1637,21.875)
(1638,36.71875)
(1639,20.3125)
(1640,36.71875)
(1641,38.28125)
(1642,37.5)
(1643,36.71875)
(1644,38.28125)
(1645,38.28125)
(1646,38.28125)
(1647,38.28125)
(1648,39.84375)
(1649,39.0625)
(1650,39.0625)
(1651,38.28125)
(1652,39.0625)
(1653,38.28125)
(1654,40.625)
(1655,39.0625)
(1656,39.0625)
(1657,38.28125)
(1658,39.84375)
(1659,39.84375)
(1660,39.0625)
(1661,39.0625)
(1662,39.84375)
(1663,38.28125)
(1664,37.5)
(1665,39.0625)
(1666,38.28125)
(1667,37.5)
(1668,39.0625)
(1669,39.0625)
(1670,37.5)
(1671,37.5)
(1672,36.71875)
(1673,37.5)
(1674,37.5)
(1675,39.84375)
(1676,38.28125)
(1677,39.0625)
(1678,38.28125)
(1679,39.0625)
(1680,39.0625)
(1681,39.0625)
(1682,39.0625)
(1683,25.78125)
(1684,30.46875)
(1685,37.5)
(1686,35.9375)
(1687,35.9375)
(1688,35.15625)
(1689,36.71875)
(1690,35.9375)
(1691,36.71875)
(1692,35.9375)
(1693,36.71875)
(1694,35.15625)
(1695,35.15625)
(1696,35.9375)
(1697,36.71875)
(1698,37.5)
(1699,24.21875)
(1700,28.90625)
(1701,35.9375)
(1702,35.9375)
(1703,26.5625)
(1704,25.0)
(1705,37.5)
(1706,35.15625)
(1707,35.9375)
(1708,36.71875)
(1709,26.5625)
(1710,37.5)
(1711,26.5625)
(1712,37.5)
(1713,31.25)
(1714,38.28125)
(1715,37.5)
(1716,38.28125)
(1717,38.28125)
(1718,38.28125)
(1719,38.28125)
(1720,38.28125)
(1721,38.28125)
(1722,39.0625)
(1723,38.28125)
(1724,38.28125)
(1725,38.28125)
(1726,37.5)
(1727,37.5)
(1728,37.5)
(1729,37.5)
(1730,37.5)
(1731,36.71875)
(1732,37.5)
(1733,36.71875)
(1734,37.5)
(1735,36.71875)
(1736,33.59375)
(1737,35.9375)
(1738,35.9375)
(1739,35.9375)
(1740,36.71875)
(1741,38.28125)
(1742,37.5)
(1743,37.5)
(1744,25.78125)
(1745,27.34375)
(1746,38.28125)
(1747,38.28125)
(1748,39.0625)
(1749,38.28125)
(1750,26.5625)
(1751,37.5)
(1752,38.28125)
(1753,37.5)
(1754,37.5)
(1755,37.5)
(1756,38.28125)
(1757,36.71875)
(1758,35.9375)
(1759,37.5)
(1760,21.875)
(1761,37.5)
(1762,24.21875)
(1763,39.0625)
(1764,25.0)
(1765,37.5)
(1766,23.4375)
(1767,23.4375)
(1768,38.28125)
(1769,23.4375)
(1770,39.0625)
(1771,24.21875)
(1772,38.28125)
(1773,24.21875)
(1774,37.5)
(1775,25.0)
(1776,36.71875)
(1777,24.21875)
(1778,37.5)
(1779,38.28125)
(1780,30.46875)
(1781,38.28125)
(1782,37.5)
(1783,37.5)
(1784,29.6875)
(1785,28.125)
(1786,23.4375)
(1787,28.90625)
(1788,25.0)
(1789,35.9375)
(1790,24.21875)
(1791,38.28125)
(1792,36.71875)
(1793,23.4375)
(1794,37.5)
(1795,24.21875)
(1796,37.5)
(1797,24.21875)
(1798,37.5)
(1799,23.4375)
(1800,36.71875)
(1801,38.28125)
(1802,24.21875)
(1803,35.9375)
(1804,36.71875)
(1805,35.9375)
(1806,24.21875)
(1807,35.9375)
(1808,35.15625)
(1809,35.9375)
(1810,25.0)
(1811,36.71875)
(1812,36.71875)
(1813,36.71875)
(1814,36.71875)
(1815,28.90625)
(1816,24.21875)
(1817,39.0625)
(1818,37.5)
(1819,37.5)
(1820,23.4375)
(1821,33.59375)
(1822,32.03125)
(1823,23.4375)
(1824,24.21875)
(1825,23.4375)
(1826,33.59375)
(1827,23.4375)
(1828,22.65625)
(1829,24.21875)
(1830,22.65625)
(1831,23.4375)
(1832,23.4375)
(1833,24.21875)
(1834,24.21875)
(1835,25.0)
(1836,25.0)
(1837,22.65625)
(1838,22.65625)
(1839,21.875)
(1840,22.65625)
(1841,21.875)
(1842,21.09375)
(1843,21.09375)
(1844,30.46875)
(1845,35.9375)
(1846,36.71875)
(1847,37.5)
(1848,37.5)
(1849,26.5625)
(1850,23.4375)
(1851,24.21875)
(1852,23.4375)
(1853,24.21875)
(1854,22.65625)
(1855,22.65625)
(1856,21.875)
(1857,25.0)
(1858,36.71875)
(1859,21.875)
(1860,21.875)
(1861,21.875)
(1862,22.65625)
(1863,22.65625)
(1864,37.5)
(1865,21.875)
(1866,21.875)
(1867,21.875)
(1868,22.65625)
(1869,21.875)
(1870,31.25)
(1871,21.09375)
(1872,20.3125)
(1873,24.21875)
(1874,37.5)
(1875,35.9375)
(1876,35.9375)
(1877,36.71875)
(1878,36.71875)
(1879,36.71875)
(1880,39.84375)
(1881,39.0625)
(1882,39.84375)
(1883,40.625)
(1884,39.0625)
(1885,39.84375)
(1886,38.28125)
(1887,38.28125)
(1888,27.34375)
(1889,37.5)
(1890,38.28125)
(1891,35.9375)
(1892,36.71875)
(1893,36.71875)
(1894,37.5)
(1895,36.71875)
(1896,36.71875)
(1897,38.28125)
(1898,36.71875)
(1899,38.28125)
(1900,28.90625)
(1901,39.0625)
(1902,23.4375)
(1903,23.4375)
(1904,23.4375)
(1905,21.09375)
(1906,29.6875)
(1907,22.65625)
(1908,29.6875)
(1909,29.6875)
(1910,36.71875)
(1911,21.875)
(1912,22.65625)
(1913,37.5)
(1914,36.71875)
(1915,37.5)
(1916,38.28125)
(1917,38.28125)
(1918,37.5)
(1919,36.71875)
(1920,38.28125)
(1921,39.84375)
(1922,40.625)
(1923,40.625)
(1924,25.0)
(1925,39.0625)
(1926,35.9375)
(1927,37.5)
(1928,38.28125)
(1929,37.5)
(1930,37.5)
(1931,36.71875)
(1932,36.71875)
(1933,21.875)
(1934,37.5)
(1935,24.21875)
(1936,37.5)
(1937,22.65625)
(1938,35.9375)
(1939,35.9375)
(1940,37.5)
(1941,36.71875)
(1942,36.71875)
(1943,36.71875)
(1944,22.65625)
(1945,36.71875)
(1946,35.9375)
(1947,35.9375)
(1948,37.5)
(1949,21.875)
(1950,35.9375)
(1951,35.15625)
(1952,35.15625)
(1953,35.15625)
(1954,35.15625)
(1955,35.15625)
(1956,21.875)
(1957,34.375)
(1958,18.75)
(1959,27.34375)
(1960,28.90625)
(1961,28.125)
(1962,28.125)
(1963,7.8125)
(1964,26.5625)
(1965,25.78125)
(1966,25.0)
(1967,6.25)
(1968,7.8125)
(1969,12.5)
(1970,10.15625)
(1971,14.84375)
(1972,27.34375)
(1973,15.625)
(1974,11.71875)
(1975,28.125)
(1976,25.78125)
(1977,26.5625)
(1978,22.65625)
(1979,17.96875)
(1980,17.1875)
