(1,100)
(2,18.75)
(3,28.90625)
(4,10.9375)
(5,17.96875)
(6,17.96875)
(7,18.75)
(8,18.75)
(9,18.75)
(10,18.75)
(11,19.53125)
(12,14.84375)
(13,17.1875)
(14,18.75)
(15,18.75)
(16,18.75)
(17,17.96875)
(18,18.75)
(19,17.96875)
(20,18.75)
(21,17.96875)
(22,17.96875)
(23,18.75)
(24,16.40625)
(25,17.1875)
(26,20.3125)
(27,16.40625)
(28,15.625)
(29,14.84375)
(30,14.0625)
(31,14.0625)
(32,17.1875)
(33,16.40625)
(34,14.0625)
(35,14.0625)
(36,14.0625)
(37,20.3125)
(38,20.3125)
(39,20.3125)
(40,20.3125)
(41,17.1875)
(42,20.3125)
(43,19.53125)
(44,18.75)
(45,23.4375)
(46,28.90625)
(47,21.09375)
(48,21.09375)
(49,18.75)
(50,19.53125)
(51,23.4375)
(52,21.09375)
(53,18.75)
(54,21.09375)
(55,22.65625)
(56,24.21875)
(57,25.0)
(58,21.09375)
(59,22.65625)
(60,27.34375)
(61,30.46875)
(62,25.0)
(63,24.21875)
(64,19.53125)
(65,21.875)
(66,20.3125)
(67,26.5625)
(68,21.09375)
(69,24.21875)
(70,22.65625)
(71,25.78125)
(72,24.21875)
(73,21.875)
(74,33.59375)
(75,17.96875)
(76,17.96875)
(77,18.75)
(78,18.75)
(79,15.625)
(80,14.0625)
(81,15.625)
(82,15.625)
(83,12.5)
(84,14.84375)
(85,14.0625)
(86,26.5625)
(87,26.5625)
(88,31.25)
(89,32.8125)
(90,28.125)
(91,25.78125)
(92,25.78125)
(93,16.40625)
(94,25.78125)
(95,28.125)
(96,28.125)
(97,16.40625)
(98,27.34375)
(99,31.25)
(100,37.5)
(101,36.71875)
(102,38.28125)
(103,38.28125)
(104,36.71875)
(105,30.46875)
(106,33.59375)
(107,31.25)
(108,31.25)
(109,34.375)
(110,35.15625)
(111,35.9375)
(112,32.03125)
(113,39.0625)
(114,37.5)
(115,35.15625)
(116,44.53125)
(117,36.71875)
(118,42.1875)
(119,35.9375)
(120,35.9375)
(121,28.125)
(122,36.71875)
(123,35.9375)
(124,35.9375)
(125,37.5)
(126,38.28125)
(127,36.71875)
(128,37.5)
(129,35.9375)
(130,35.9375)
(131,38.28125)
(132,37.5)
(133,36.71875)
(134,35.9375)
(135,36.71875)
(136,37.5)
(137,36.71875)
(138,35.9375)
(139,36.71875)
(140,36.71875)
(141,32.8125)
(142,32.03125)
(143,37.5)
(144,36.71875)
(145,38.28125)
(146,39.84375)
(147,39.0625)
(148,43.75)
(149,41.40625)
(150,39.84375)
(151,43.75)
(152,33.59375)
(153,29.6875)
(154,34.375)
(155,35.15625)
(156,33.59375)
(157,35.9375)
(158,34.375)
(159,34.375)
(160,36.71875)
(161,37.5)
(162,34.375)
(163,38.28125)
(164,39.0625)
(165,40.625)
(166,46.09375)
(167,44.53125)
(168,42.96875)
(169,39.84375)
(170,41.40625)
(171,42.96875)
(172,35.15625)
(173,35.9375)
(174,37.5)
(175,38.28125)
(176,39.84375)
(177,37.5)
(178,38.28125)
(179,36.71875)
(180,35.15625)
(181,34.375)
(182,32.8125)
(183,37.5)
(184,39.84375)
(185,42.96875)
(186,42.96875)
(187,41.40625)
(188,43.75)
(189,47.65625)
(190,46.875)
(191,34.375)
(192,34.375)
(193,37.5)
(194,35.15625)
(195,34.375)
(196,30.46875)
(197,39.84375)
(198,34.375)
(199,35.9375)
(200,28.90625)
(201,35.15625)
(202,35.15625)
(203,27.34375)
(204,46.875)
(205,36.71875)
(206,35.9375)
(207,46.09375)
(208,37.5)
(209,35.9375)
(210,41.40625)
(211,44.53125)
(212,44.53125)
(213,46.09375)
(214,34.375)
(215,39.0625)
(216,38.28125)
(217,39.84375)
(218,36.71875)
(219,34.375)
(220,33.59375)
(221,25.0)
(222,36.71875)
(223,35.15625)
(224,35.15625)
(225,33.59375)
(226,30.46875)
(227,30.46875)
(228,29.6875)
(229,28.90625)
(230,30.46875)
(231,25.78125)
(232,30.46875)
(233,29.6875)
(234,28.90625)
(235,28.90625)
(236,24.21875)
(237,30.46875)
(238,25.78125)
(239,23.4375)
(240,28.90625)
(241,29.6875)
(242,29.6875)
(243,28.90625)
(244,30.46875)
(245,30.46875)
(246,28.90625)
(247,28.90625)
(248,28.90625)
(249,28.90625)
(250,28.90625)
(251,30.46875)
(252,28.125)
(253,28.125)
(254,28.125)
(255,28.125)
(256,27.34375)
(257,26.5625)
(258,10.15625)
(259,32.03125)
(260,26.5625)
(261,13.28125)
(262,5.46875)
(263,42.1875)
(264,22.65625)
(265,21.875)
(266,5.46875)
(267,21.875)
(268,21.875)
(269,21.875)
(270,20.3125)
(271,27.34375)
(272,29.6875)
(273,29.6875)
(274,29.6875)
(275,28.90625)
(276,31.25)
(277,32.03125)
(278,29.6875)
(279,28.90625)
(280,27.34375)
(281,28.125)
(282,28.125)
(283,24.21875)
(284,19.53125)
(285,15.625)
(286,10.9375)
(287,21.875)
(288,21.875)
(289,25.78125)
(290,29.6875)
(291,25.78125)
(292,30.46875)
(293,31.25)
(294,32.03125)
(295,26.5625)
(296,25.78125)
(297,10.15625)
(298,26.5625)
(299,25.78125)
(300,14.0625)
(301,32.03125)
(302,32.8125)
(303,25.78125)
(304,15.625)
(305,15.625)
(306,15.625)
(307,30.46875)
(308,28.125)
(309,24.21875)
(310,22.65625)
(311,24.21875)
(312,17.1875)
(313,10.9375)
(314,11.71875)
(315,19.53125)
(316,14.84375)
(317,20.3125)
(318,10.9375)
(319,27.34375)
(320,20.3125)
(321,27.34375)
(322,14.0625)
(323,21.875)
(324,21.875)
(325,19.53125)
(326,11.71875)
(327,17.96875)
(328,19.53125)
(329,17.96875)
(330,17.1875)
(331,17.1875)
(332,22.65625)
(333,7.03125)
(334,25.0)
(335,23.4375)
(336,25.0)
(337,21.875)
(338,14.0625)
(339,7.8125)
(340,18.75)
(341,27.34375)
(342,17.1875)
(343,28.125)
(344,25.78125)
(345,24.21875)
(346,25.0)
(347,17.1875)
(348,12.5)
(349,9.375)
(350,17.96875)
(351,10.15625)
(352,10.15625)
(353,16.40625)
(354,10.15625)
(355,17.1875)
(356,26.5625)
(357,14.84375)
(358,29.6875)
(359,35.9375)
(360,33.59375)
(361,32.8125)
(362,31.25)
(363,33.59375)
(364,33.59375)
(365,31.25)
(366,27.34375)
(367,27.34375)
(368,32.03125)
(369,32.03125)
(370,31.25)
(371,27.34375)
(372,26.5625)
(373,25.78125)
(374,30.46875)
(375,31.25)
(376,26.5625)
(377,28.125)
(378,25.0)
(379,23.4375)
(380,21.875)
(381,17.1875)
(382,39.84375)
(383,35.9375)
(384,36.71875)
(385,34.375)
(386,33.59375)
(387,18.75)
(388,32.8125)
(389,35.15625)
(390,35.9375)
(391,34.375)
(392,32.8125)
(393,23.4375)
(394,25.0)
(395,16.40625)
(396,16.40625)
(397,17.96875)
(398,20.3125)
(399,21.09375)
(400,20.3125)
(401,23.4375)
(402,22.65625)
(403,26.5625)
(404,28.125)
(405,28.125)
(406,38.28125)
(407,36.71875)
(408,37.5)
(409,38.28125)
(410,38.28125)
(411,34.375)
(412,37.5)
(413,39.0625)
(414,39.84375)
(415,39.84375)
(416,28.90625)
(417,34.375)
(418,32.8125)
(419,40.625)
(420,41.40625)
(421,41.40625)
(422,39.84375)
(423,42.96875)
(424,42.1875)
(425,40.625)
(426,38.28125)
(427,37.5)
(428,37.5)
(429,36.71875)
(430,36.71875)
(431,39.84375)
(432,39.84375)
(433,39.84375)
(434,40.625)
(435,39.0625)
(436,39.0625)
(437,38.28125)
(438,37.5)
(439,37.5)
(440,36.71875)
(441,35.9375)
(442,37.5)
(443,36.71875)
(444,35.9375)
(445,35.9375)
(446,35.9375)
(447,35.15625)
(448,35.15625)
(449,36.71875)
(450,35.9375)
(451,36.71875)
(452,37.5)
(453,37.5)
(454,37.5)
(455,36.71875)
(456,35.15625)
(457,35.9375)
(458,35.9375)
(459,35.9375)
(460,36.71875)
(461,36.71875)
(462,36.71875)
(463,35.15625)
(464,35.15625)
(465,35.9375)
(466,35.15625)
(467,35.15625)
(468,34.375)
(469,34.375)
(470,35.15625)
(471,34.375)
(472,35.15625)
(473,35.9375)
(474,35.15625)
(475,35.9375)
(476,35.15625)
(477,34.375)
(478,34.375)
(479,34.375)
(480,35.9375)
(481,35.15625)
(482,35.15625)
(483,34.375)
(484,34.375)
(485,35.15625)
(486,35.15625)
(487,34.375)
(488,34.375)
(489,34.375)
(490,34.375)
(491,34.375)
(492,34.375)
(493,35.9375)
(494,34.375)
(495,35.15625)
(496,35.15625)
(497,34.375)
(498,34.375)
(499,34.375)
(500,34.375)
(501,34.375)
(502,34.375)
(503,34.375)
(504,34.375)
(505,34.375)
(506,34.375)
(507,34.375)
(508,36.71875)
(509,35.9375)
(510,37.5)
(511,35.9375)
(512,35.9375)
(513,35.15625)
(514,33.59375)
(515,33.59375)
(516,33.59375)
(517,34.375)
(518,34.375)
(519,35.15625)
(520,35.9375)
(521,36.71875)
(522,35.9375)
(523,35.9375)
(524,33.59375)
(525,36.71875)
(526,36.71875)
(527,32.8125)
(528,36.71875)
(529,35.15625)
(530,28.90625)
(531,3.125)
(532,19.53125)
(533,21.09375)
(534,34.375)
(535,26.5625)
(536,33.59375)
(537,32.8125)
(538,36.71875)
(539,35.9375)
(540,35.9375)
(541,36.71875)
(542,37.5)
(543,37.5)
(544,37.5)
(545,36.71875)
(546,36.71875)
(547,37.5)
(548,36.71875)
(549,36.71875)
(550,35.9375)
(551,34.375)
(552,33.59375)
(553,32.8125)
(554,41.40625)
(555,25.78125)
(556,32.8125)
(557,21.875)
(558,16.40625)
(559,16.40625)
(560,15.625)
(561,33.59375)
(562,17.96875)
(563,24.21875)
(564,33.59375)
(565,32.03125)
(566,30.46875)
(567,29.6875)
(568,30.46875)
(569,28.90625)
(570,14.84375)
(571,29.6875)
(572,14.0625)
(573,22.65625)
(574,29.6875)
(575,20.3125)
(576,16.40625)
(577,27.34375)
(578,32.8125)
(579,10.15625)
(580,31.25)
(581,28.125)
(582,30.46875)
(583,31.25)
(584,16.40625)
(585,31.25)
(586,19.53125)
(587,14.0625)
(588,28.125)
(589,16.40625)
(590,25.78125)
(591,14.84375)
(592,14.0625)
(593,15.625)
(594,8.59375)
(595,12.5)
(596,26.5625)
(597,14.84375)
(598,10.9375)
(599,28.90625)
(600,27.34375)
(601,27.34375)
(602,21.875)
(603,24.21875)
(604,25.78125)
(605,14.84375)
(606,40.625)
(607,34.375)
(608,46.875)
(609,40.625)
(610,45.3125)
(611,31.25)
(612,30.46875)
(613,32.8125)
(614,32.8125)
(615,32.03125)
(616,36.71875)
(617,36.71875)
(618,39.84375)
(619,37.5)
(620,36.71875)
(621,38.28125)
(622,39.0625)
(623,32.8125)
(624,35.9375)
(625,35.9375)
(626,38.28125)
(627,34.375)
(628,42.1875)
(629,41.40625)
(630,39.0625)
(631,39.0625)
(632,39.0625)
(633,33.59375)
(634,34.375)
(635,39.0625)
(636,38.28125)
(637,35.9375)
(638,37.5)
(639,37.5)
(640,34.375)
(641,16.40625)
(642,39.0625)
(643,18.75)
(644,19.53125)
(645,13.28125)
(646,10.15625)
(647,41.40625)
(648,16.40625)
(649,15.625)
(650,35.15625)
(651,35.15625)
(652,35.15625)
(653,34.375)
(654,32.8125)
(655,21.875)
(656,16.40625)
(657,16.40625)
(658,17.1875)
(659,20.3125)
(660,21.09375)
(661,26.5625)
(662,18.75)
(663,23.4375)
(664,21.875)
(665,24.21875)
(666,27.34375)
(667,45.3125)
(668,34.375)
(669,32.03125)
(670,40.625)
(671,37.5)
(672,36.71875)
(673,37.5)
(674,38.28125)
(675,37.5)
(676,33.59375)
(677,36.71875)
(678,37.5)
(679,39.0625)
(680,37.5)
(681,36.71875)
(682,36.71875)
(683,34.375)
(684,35.9375)
(685,25.0)
(686,30.46875)
(687,32.03125)
(688,32.03125)
(689,24.21875)
(690,28.125)
(691,23.4375)
(692,20.3125)
(693,30.46875)
(694,29.6875)
(695,14.84375)
(696,27.34375)
(697,14.0625)
(698,28.125)
(699,27.34375)
(700,35.9375)
(701,35.15625)
(702,27.34375)
(703,25.78125)
(704,25.0)
(705,32.03125)
(706,32.03125)
(707,32.03125)
(708,33.59375)
(709,35.9375)
(710,31.25)
(711,34.375)
(712,34.375)
(713,35.15625)
(714,32.03125)
(715,28.125)
(716,29.6875)
(717,30.46875)
(718,27.34375)
(719,25.0)
(720,17.96875)
(721,18.75)
(722,6.25)
(723,25.78125)
(724,17.1875)
(725,23.4375)
(726,19.53125)
(727,14.84375)
(728,22.65625)
(729,17.1875)
(730,17.1875)
(731,21.09375)
(732,19.53125)
(733,21.09375)
(734,11.71875)
(735,23.4375)
(736,26.5625)
(737,22.65625)
(738,17.1875)
(739,26.5625)
(740,34.375)
(741,35.15625)
(742,14.0625)
(743,26.5625)
(744,19.53125)
(745,19.53125)
(746,33.59375)
(747,21.09375)
(748,31.25)
(749,35.9375)
(750,28.125)
(751,32.03125)
(752,25.0)
(753,34.375)
(754,34.375)
(755,37.5)
(756,33.59375)
(757,46.875)
(758,46.875)
(759,43.75)
(760,46.09375)
(761,46.875)
(762,44.53125)
(763,21.09375)
(764,25.78125)
(765,19.53125)
(766,32.8125)
(767,24.21875)
(768,49.21875)
(769,25.0)
(770,28.125)
(771,23.4375)
(772,26.5625)
(773,28.125)
(774,28.125)
(775,32.8125)
(776,12.5)
(777,11.71875)
(778,13.28125)
(779,15.625)
(780,14.0625)
(781,14.0625)
(782,14.0625)
(783,14.84375)
(784,14.0625)
(785,13.28125)
(786,14.84375)
(787,14.84375)
(788,10.9375)
(789,10.15625)
(790,14.84375)
(791,14.0625)
(792,11.71875)
(793,11.71875)
(794,14.0625)
(795,15.625)
(796,10.9375)
(797,12.5)
(798,11.71875)
(799,13.28125)
(800,12.5)
(801,14.84375)
(802,20.3125)
(803,17.96875)
(804,23.4375)
(805,19.53125)
(806,18.75)
(807,21.09375)
(808,24.21875)
(809,13.28125)
(810,21.09375)
(811,18.75)
(812,19.53125)
(813,10.9375)
(814,21.875)
(815,19.53125)
(816,20.3125)
(817,14.0625)
(818,11.71875)
(819,11.71875)
(820,12.5)
(821,25.78125)
(822,35.15625)
(823,34.375)
(824,32.03125)
(825,28.90625)
(826,32.8125)
(827,32.03125)
(828,32.03125)
(829,32.8125)
(830,32.8125)
(831,30.46875)
(832,32.8125)
(833,25.0)
(834,25.78125)
(835,25.78125)
(836,21.09375)
(837,22.65625)
(838,24.21875)
(839,21.875)
(840,21.09375)
(841,19.53125)
(842,37.5)
(843,34.375)
(844,36.71875)
(845,35.15625)
(846,32.8125)
(847,35.15625)
(848,34.375)
(849,32.03125)
(850,32.03125)
(851,31.25)
(852,25.78125)
(853,28.125)
(854,28.125)
(855,24.21875)
(856,23.4375)
(857,34.375)
(858,39.84375)
(859,39.84375)
(860,37.5)
(861,41.40625)
(862,39.0625)
(863,38.28125)
(864,35.9375)
(865,35.15625)
(866,37.5)
(867,33.59375)
(868,32.8125)
(869,33.59375)
(870,32.8125)
(871,32.8125)
(872,35.15625)
(873,34.375)
(874,35.9375)
(875,35.9375)
(876,38.28125)
(877,40.625)
(878,39.84375)
(879,38.28125)
(880,34.375)
(881,33.59375)
(882,32.03125)
(883,32.03125)
(884,36.71875)
(885,35.15625)
(886,33.59375)
(887,28.125)
(888,31.25)
(889,18.75)
(890,35.15625)
(891,34.375)
(892,33.59375)
(893,35.15625)
(894,35.9375)
(895,35.9375)
(896,36.71875)
(897,38.28125)
(898,39.0625)
(899,41.40625)
(900,39.0625)
(901,38.28125)
(902,39.84375)
(903,34.375)
(904,32.8125)
(905,36.71875)
(906,39.0625)
(907,39.0625)
(908,38.28125)
(909,39.0625)
(910,38.28125)
(911,39.0625)
(912,17.1875)
(913,35.9375)
(914,38.28125)
(915,36.71875)
(916,35.15625)
(917,32.8125)
(918,33.59375)
(919,33.59375)
(920,34.375)
(921,34.375)
(922,32.8125)
(923,36.71875)
(924,35.15625)
(925,32.8125)
(926,34.375)
(927,38.28125)
(928,37.5)
(929,36.71875)
(930,35.15625)
(931,35.15625)
(932,35.15625)
(933,32.03125)
(934,32.03125)
(935,32.03125)
(936,33.59375)
(937,35.15625)
(938,33.59375)
(939,32.03125)
(940,31.25)
(941,32.03125)
(942,35.9375)
(943,39.0625)
(944,39.0625)
(945,37.5)
(946,37.5)
(947,37.5)
(948,34.375)
(949,35.15625)
(950,33.59375)
(951,32.8125)
(952,34.375)
(953,33.59375)
(954,35.15625)
(955,33.59375)
(956,35.15625)
(957,35.15625)
(958,35.9375)
(959,32.8125)
(960,32.8125)
(961,32.03125)
(962,28.125)
(963,28.125)
(964,32.03125)
(965,28.90625)
(966,30.46875)
(967,28.90625)
(968,32.8125)
(969,32.03125)
(970,28.90625)
(971,33.59375)
(972,29.6875)
(973,34.375)
(974,28.125)
(975,34.375)
(976,30.46875)
(977,30.46875)
(978,28.125)
(979,27.34375)
(980,29.6875)
(981,26.5625)
(982,30.46875)
(983,27.34375)
(984,26.5625)
(985,26.5625)
(986,26.5625)
(987,21.875)
(988,24.21875)
(989,25.78125)
(990,24.21875)
(991,24.21875)
(992,25.0)
(993,25.0)
(994,24.21875)
(995,25.0)
(996,16.40625)
(997,22.65625)
(998,23.4375)
(999,17.96875)
(1000,16.40625)
(1001,22.65625)
(1002,26.5625)
(1003,26.5625)
(1004,27.34375)
(1005,20.3125)
(1006,25.0)
(1007,25.0)
(1008,25.0)
(1009,25.78125)
(1010,25.78125)
(1011,17.96875)
(1012,25.0)
(1013,24.21875)
(1014,16.40625)
(1015,13.28125)
(1016,14.84375)
(1017,11.71875)
(1018,13.28125)
(1019,27.34375)
(1020,20.3125)
(1021,23.4375)
(1022,20.3125)
(1023,17.96875)
(1024,24.21875)
(1025,22.65625)
(1026,27.34375)
(1027,17.96875)
(1028,23.4375)
(1029,25.78125)
(1030,19.53125)
(1031,28.125)
(1032,20.3125)
(1033,25.0)
(1034,25.78125)
(1035,22.65625)
(1036,19.53125)
(1037,23.4375)
(1038,23.4375)
(1039,24.21875)
(1040,16.40625)
(1041,23.4375)
(1042,20.3125)
(1043,24.21875)
(1044,25.78125)
(1045,21.875)
(1046,23.4375)
(1047,25.78125)
(1048,19.53125)
(1049,27.34375)
(1050,29.6875)
(1051,29.6875)
(1052,25.0)
(1053,32.03125)
(1054,21.875)
(1055,25.78125)
(1056,28.125)
(1057,28.90625)
(1058,28.125)
(1059,26.5625)
(1060,23.4375)
(1061,20.3125)
(1062,19.53125)
(1063,31.25)
(1064,21.875)
(1065,27.34375)
(1066,30.46875)
(1067,30.46875)
(1068,28.125)
(1069,26.5625)
(1070,35.9375)
(1071,33.59375)
(1072,32.03125)
(1073,31.25)
(1074,33.59375)
(1075,32.8125)
(1076,32.8125)
(1077,32.8125)
(1078,31.25)
(1079,32.8125)
(1080,32.03125)
(1081,30.46875)
(1082,28.90625)
(1083,25.0)
(1084,32.8125)
(1085,29.6875)
(1086,27.34375)
(1087,28.90625)
(1088,30.46875)
(1089,26.5625)
(1090,20.3125)
(1091,26.5625)
(1092,27.34375)
(1093,26.5625)
(1094,26.5625)
(1095,28.125)
(1096,28.90625)
(1097,30.46875)
(1098,32.03125)
(1099,28.125)
(1100,25.0)
(1101,29.6875)
(1102,32.8125)
(1103,32.03125)
(1104,26.5625)
(1105,22.65625)
(1106,21.875)
(1107,22.65625)
(1108,19.53125)
(1109,15.625)
(1110,27.34375)
(1111,29.6875)
(1112,25.78125)
(1113,12.5)
(1114,14.84375)
(1115,13.28125)
(1116,6.25)
(1117,15.625)
(1118,13.28125)
(1119,22.65625)
(1120,14.0625)
(1121,27.34375)
(1122,22.65625)
(1123,18.75)
(1124,21.09375)
(1125,21.875)
(1126,22.65625)
(1127,24.21875)
(1128,20.3125)
(1129,20.3125)
(1130,18.75)
(1131,18.75)
(1132,18.75)
(1133,20.3125)
(1134,20.3125)
(1135,17.1875)
(1136,18.75)
(1137,18.75)
(1138,18.75)
(1139,16.40625)
(1140,17.96875)
(1141,19.53125)
(1142,7.8125)
(1143,14.84375)
(1144,17.96875)
(1145,20.3125)
(1146,21.09375)
(1147,18.75)
(1148,10.15625)
(1149,14.84375)
(1150,10.15625)
(1151,14.84375)
(1152,14.84375)
(1153,14.84375)
(1154,18.75)
(1155,17.96875)
(1156,17.1875)
(1157,14.84375)
(1158,21.09375)
(1159,21.09375)
(1160,8.59375)
(1161,18.75)
(1162,19.53125)
(1163,21.875)
(1164,18.75)
(1165,17.96875)
(1166,16.40625)
(1167,16.40625)
(1168,21.875)
(1169,21.09375)
(1170,9.375)
(1171,21.09375)
(1172,21.875)
(1173,21.875)
(1174,18.75)
(1175,21.09375)
(1176,24.21875)
(1177,27.34375)
(1178,27.34375)
(1179,27.34375)
(1180,26.5625)
(1181,27.34375)
(1182,30.46875)
(1183,28.90625)
(1184,28.90625)
(1185,27.34375)
(1186,27.34375)
(1187,28.90625)
(1188,28.90625)
(1189,27.34375)
(1190,27.34375)
(1191,27.34375)
(1192,27.34375)
(1193,26.5625)
(1194,21.09375)
(1195,25.0)
(1196,21.875)
(1197,22.65625)
(1198,17.1875)
(1199,21.875)
(1200,17.96875)
(1201,16.40625)
(1202,15.625)
(1203,20.3125)
(1204,18.75)
(1205,21.875)
(1206,22.65625)
(1207,24.21875)
(1208,25.78125)
(1209,22.65625)
(1210,21.09375)
(1211,21.875)
(1212,26.5625)
(1213,24.21875)
(1214,26.5625)
(1215,25.78125)
(1216,28.90625)
(1217,17.1875)
(1218,18.75)
(1219,16.40625)
(1220,10.15625)
(1221,14.0625)
(1222,10.15625)
(1223,11.71875)
(1224,17.96875)
(1225,14.84375)
(1226,10.9375)
(1227,12.5)
(1228,18.75)
(1229,10.15625)
(1230,12.5)
(1231,13.28125)
(1232,20.3125)
(1233,10.9375)
(1234,14.84375)
(1235,35.9375)
(1236,45.3125)
(1237,35.15625)
(1238,36.71875)
(1239,37.5)
(1240,36.71875)
(1241,36.71875)
(1242,37.5)
(1243,32.03125)
(1244,31.25)
(1245,32.03125)
(1246,31.25)
(1247,29.6875)
(1248,49.21875)
(1249,47.65625)
(1250,46.09375)
(1251,46.875)
(1252,50.78125)
(1253,49.21875)
(1254,46.09375)
(1255,49.21875)
(1256,32.8125)
(1257,33.59375)
(1258,42.96875)
(1259,42.96875)
(1260,43.75)
(1261,46.09375)
(1262,46.09375)
(1263,46.09375)
(1264,47.65625)
(1265,49.21875)
(1266,46.875)
(1267,46.875)
(1268,43.75)
(1269,46.09375)
(1270,36.71875)
(1271,37.5)
(1272,39.0625)
(1273,34.375)
(1274,35.15625)
(1275,34.375)
(1276,34.375)
(1277,35.15625)
(1278,34.375)
(1279,32.8125)
(1280,32.03125)
(1281,32.03125)
(1282,30.46875)
(1283,33.59375)
(1284,32.03125)
(1285,32.8125)
(1286,35.15625)
(1287,34.375)
(1288,33.59375)
(1289,32.03125)
(1290,31.25)
(1291,32.03125)
(1292,32.8125)
(1293,34.375)
(1294,35.15625)
(1295,35.9375)
(1296,35.9375)
(1297,37.5)
(1298,46.875)
(1299,35.9375)
(1300,36.71875)
(1301,39.0625)
(1302,36.71875)
(1303,37.5)
(1304,37.5)
(1305,37.5)
(1306,37.5)
(1307,38.28125)
(1308,37.5)
(1309,37.5)
(1310,38.28125)
(1311,36.71875)
(1312,37.5)
(1313,35.9375)
(1314,35.15625)
(1315,36.71875)
(1316,36.71875)
(1317,36.71875)
(1318,35.9375)
(1319,36.71875)
(1320,36.71875)
(1321,36.71875)
(1322,35.9375)
(1323,35.9375)
(1324,35.15625)
(1325,36.71875)
(1326,35.9375)
(1327,36.71875)
(1328,37.5)
(1329,37.5)
(1330,37.5)
(1331,36.71875)
(1332,38.28125)
(1333,38.28125)
(1334,37.5)
(1335,36.71875)
(1336,38.28125)
(1337,37.5)
(1338,37.5)
(1339,37.5)
(1340,37.5)
(1341,37.5)
(1342,37.5)
(1343,37.5)
(1344,36.71875)
(1345,35.9375)
(1346,35.9375)
(1347,35.9375)
(1348,35.9375)
(1349,36.71875)
(1350,36.71875)
(1351,35.9375)
(1352,35.9375)
(1353,36.71875)
(1354,35.9375)
(1355,36.71875)
(1356,36.71875)
(1357,36.71875)
(1358,36.71875)
(1359,36.71875)
(1360,37.5)
(1361,37.5)
(1362,38.28125)
(1363,38.28125)
(1364,38.28125)
(1365,36.71875)
(1366,35.9375)
(1367,35.9375)
(1368,35.9375)
(1369,35.9375)
(1370,35.9375)
(1371,34.375)
(1372,34.375)
(1373,34.375)
(1374,33.59375)
(1375,32.8125)
(1376,33.59375)
(1377,33.59375)
(1378,33.59375)
(1379,32.8125)
(1380,32.8125)
(1381,33.59375)
(1382,32.8125)
(1383,32.03125)
(1384,32.8125)
(1385,32.8125)
(1386,33.59375)
(1387,33.59375)
(1388,35.15625)
(1389,33.59375)
(1390,35.15625)
(1391,34.375)
(1392,34.375)
(1393,34.375)
(1394,34.375)
(1395,34.375)
(1396,35.9375)
(1397,35.9375)
(1398,36.71875)
(1399,35.9375)
(1400,35.15625)
(1401,35.9375)
(1402,35.9375)
(1403,35.15625)
(1404,36.71875)
(1405,36.71875)
(1406,37.5)
(1407,37.5)
(1408,37.5)
(1409,35.9375)
(1410,37.5)
(1411,35.9375)
(1412,35.9375)
(1413,35.9375)
(1414,35.15625)
(1415,35.15625)
(1416,34.375)
(1417,34.375)
(1418,35.9375)
(1419,35.9375)
(1420,36.71875)
(1421,35.9375)
(1422,36.71875)
(1423,37.5)
(1424,35.9375)
(1425,35.9375)
(1426,35.15625)
(1427,34.375)
(1428,35.15625)
(1429,35.15625)
(1430,35.15625)
(1431,35.9375)
(1432,34.375)
(1433,34.375)
(1434,35.9375)
(1435,35.15625)
(1436,36.71875)
(1437,35.9375)
(1438,35.9375)
(1439,35.9375)
(1440,35.15625)
(1441,35.9375)
(1442,35.15625)
(1443,35.15625)
(1444,35.15625)
(1445,35.15625)
(1446,35.9375)
(1447,35.15625)
(1448,35.15625)
(1449,35.15625)
(1450,35.15625)
(1451,35.9375)
(1452,35.15625)
(1453,35.15625)
(1454,35.15625)
(1455,35.15625)
(1456,35.15625)
(1457,35.9375)
(1458,35.9375)
(1459,33.59375)
(1460,35.15625)
(1461,35.9375)
(1462,36.71875)
(1463,36.71875)
(1464,36.71875)
(1465,36.71875)
(1466,36.71875)
(1467,36.71875)
(1468,36.71875)
(1469,36.71875)
(1470,36.71875)
(1471,36.71875)
(1472,36.71875)
(1473,35.9375)
(1474,35.15625)
(1475,35.9375)
(1476,34.375)
(1477,33.59375)
(1478,33.59375)
(1479,35.15625)
(1480,32.8125)
(1481,32.8125)
(1482,32.8125)
(1483,34.375)
(1484,34.375)
(1485,35.15625)
(1486,35.15625)
(1487,35.9375)
(1488,33.59375)
(1489,34.375)
(1490,35.15625)
(1491,35.15625)
(1492,35.15625)
(1493,35.15625)
(1494,35.15625)
(1495,34.375)
(1496,35.15625)
(1497,35.9375)
(1498,35.9375)
(1499,36.71875)
(1500,35.9375)
(1501,33.59375)
(1502,33.59375)
(1503,34.375)
(1504,34.375)
(1505,34.375)
(1506,37.5)
(1507,38.28125)
(1508,38.28125)
(1509,39.84375)
(1510,41.40625)
(1511,41.40625)
(1512,43.75)
(1513,45.3125)
(1514,42.96875)
(1515,44.53125)
(1516,46.875)
(1517,45.3125)
(1518,45.3125)
(1519,44.53125)
(1520,42.1875)
(1521,41.40625)
(1522,38.28125)
(1523,34.375)
(1524,33.59375)
(1525,35.15625)
(1526,33.59375)
(1527,34.375)
(1528,25.0)
(1529,23.4375)
(1530,24.21875)
(1531,21.875)
(1532,23.4375)
(1533,25.78125)
(1534,25.0)
(1535,25.78125)
(1536,27.34375)
(1537,25.0)
(1538,39.84375)
(1539,39.0625)
(1540,35.9375)
(1541,38.28125)
(1542,39.0625)
(1543,39.84375)
(1544,39.0625)
(1545,35.9375)
(1546,38.28125)
(1547,37.5)
(1548,36.71875)
(1549,35.9375)
(1550,36.71875)
(1551,36.71875)
(1552,35.15625)
(1553,34.375)
(1554,35.9375)
(1555,38.28125)
(1556,25.78125)
(1557,23.4375)
(1558,38.28125)
(1559,37.5)
(1560,25.0)
(1561,25.0)
(1562,35.9375)
(1563,25.78125)
(1564,25.78125)
(1565,26.5625)
(1566,27.34375)
(1567,29.6875)
(1568,27.34375)
(1569,28.125)
(1570,39.0625)
(1571,39.0625)
(1572,38.28125)
(1573,39.84375)
(1574,39.0625)
(1575,35.9375)
(1576,36.71875)
(1577,37.5)
(1578,37.5)
(1579,39.0625)
(1580,21.875)
(1581,37.5)
(1582,35.15625)
(1583,33.59375)
(1584,32.8125)
(1585,33.59375)
(1586,32.8125)
(1587,32.03125)
(1588,33.59375)
(1589,36.71875)
(1590,38.28125)
(1591,38.28125)
(1592,39.84375)
(1593,40.625)
(1594,39.0625)
(1595,38.28125)
(1596,28.90625)
(1597,37.5)
(1598,35.9375)
(1599,32.8125)
(1600,35.15625)
(1601,34.375)
(1602,36.71875)
(1603,39.84375)
(1604,40.625)
(1605,46.09375)
(1606,41.40625)
(1607,41.40625)
(1608,37.5)
(1609,33.59375)
(1610,34.375)
(1611,32.8125)
(1612,35.9375)
(1613,35.9375)
(1614,37.5)
(1615,39.84375)
(1616,39.84375)
(1617,39.0625)
(1618,39.84375)
(1619,39.0625)
(1620,40.625)
(1621,39.84375)
(1622,38.28125)
(1623,39.84375)
(1624,39.0625)
(1625,39.0625)
(1626,39.84375)
(1627,40.625)
(1628,39.0625)
(1629,40.625)
(1630,39.84375)
(1631,39.84375)
(1632,40.625)
(1633,41.40625)
(1634,41.40625)
(1635,41.40625)
(1636,41.40625)
(1637,42.1875)
(1638,41.40625)
(1639,42.1875)
(1640,42.1875)
(1641,42.1875)
(1642,42.1875)
(1643,41.40625)
(1644,42.1875)
(1645,42.1875)
(1646,42.1875)
(1647,42.1875)
(1648,42.1875)
(1649,42.1875)
(1650,41.40625)
(1651,41.40625)
(1652,41.40625)
(1653,41.40625)
(1654,41.40625)
(1655,41.40625)
(1656,41.40625)
(1657,41.40625)
(1658,41.40625)
(1659,41.40625)
(1660,41.40625)
(1661,42.1875)
(1662,40.625)
(1663,40.625)
(1664,41.40625)
(1665,41.40625)
(1666,41.40625)
(1667,41.40625)
(1668,41.40625)
(1669,41.40625)
(1670,42.1875)
(1671,41.40625)
(1672,42.1875)
(1673,42.1875)
(1674,41.40625)
(1675,41.40625)
(1676,42.1875)
(1677,42.1875)
(1678,42.1875)
(1679,42.1875)
(1680,42.1875)
(1681,42.1875)
(1682,41.40625)
(1683,42.96875)
(1684,42.1875)
(1685,43.75)
(1686,42.96875)
(1687,41.40625)
(1688,40.625)
(1689,41.40625)
(1690,40.625)
(1691,40.625)
(1692,41.40625)
(1693,41.40625)
(1694,41.40625)
(1695,41.40625)
(1696,42.1875)
(1697,42.1875)
(1698,42.1875)
(1699,42.1875)
(1700,42.1875)
(1701,42.1875)
(1702,42.1875)
(1703,42.96875)
(1704,42.1875)
(1705,42.96875)
(1706,42.1875)
(1707,42.1875)
(1708,41.40625)
(1709,39.84375)
(1710,42.96875)
(1711,42.1875)
(1712,42.96875)
(1713,40.625)
(1714,42.1875)
(1715,42.1875)
(1716,42.96875)
(1717,42.1875)
(1718,42.96875)
(1719,42.96875)
(1720,42.96875)
(1721,43.75)
(1722,42.96875)
(1723,42.96875)
(1724,42.1875)
(1725,41.40625)
(1726,42.1875)
(1727,42.1875)
(1728,42.1875)
(1729,42.1875)
(1730,42.1875)
(1731,42.1875)
(1732,42.1875)
(1733,42.1875)
(1734,42.1875)
(1735,42.1875)
(1736,42.1875)
(1737,42.1875)
(1738,42.1875)
(1739,42.96875)
(1740,42.96875)
(1741,42.96875)
(1742,42.96875)
(1743,42.96875)
(1744,43.75)
(1745,42.96875)
(1746,42.1875)
(1747,42.96875)
(1748,42.1875)
(1749,42.1875)
(1750,42.1875)
(1751,42.96875)
(1752,42.96875)
(1753,42.96875)
(1754,42.96875)
(1755,43.75)
(1756,42.96875)
(1757,42.1875)
(1758,41.40625)
(1759,42.1875)
(1760,42.1875)
(1761,42.1875)
(1762,42.1875)
(1763,42.1875)
(1764,42.1875)
(1765,42.1875)
(1766,42.1875)
(1767,42.1875)
(1768,41.40625)
(1769,41.40625)
(1770,41.40625)
(1771,41.40625)
(1772,41.40625)
(1773,41.40625)
(1774,41.40625)
(1775,41.40625)
(1776,41.40625)
(1777,41.40625)
(1778,41.40625)
(1779,41.40625)
(1780,41.40625)
(1781,41.40625)
(1782,41.40625)
(1783,41.40625)
(1784,41.40625)
(1785,41.40625)
(1786,41.40625)
(1787,41.40625)
(1788,41.40625)
(1789,41.40625)
(1790,41.40625)
(1791,41.40625)
(1792,41.40625)
(1793,41.40625)
(1794,41.40625)
(1795,41.40625)
(1796,41.40625)
(1797,41.40625)
(1798,41.40625)
(1799,41.40625)
(1800,41.40625)
(1801,41.40625)
(1802,41.40625)
(1803,41.40625)
(1804,41.40625)
(1805,41.40625)
(1806,41.40625)
(1807,41.40625)
(1808,41.40625)
(1809,41.40625)
(1810,41.40625)
(1811,41.40625)
(1812,41.40625)
(1813,41.40625)
(1814,41.40625)
(1815,41.40625)
(1816,41.40625)
(1817,41.40625)
(1818,41.40625)
(1819,41.40625)
(1820,41.40625)
(1821,41.40625)
(1822,41.40625)
(1823,41.40625)
(1824,41.40625)
(1825,41.40625)
(1826,41.40625)
(1827,42.1875)
(1828,42.1875)
(1829,42.1875)
(1830,42.1875)
(1831,42.1875)
(1832,42.1875)
(1833,42.1875)
(1834,42.96875)
(1835,42.1875)
(1836,42.1875)
(1837,42.1875)
(1838,42.1875)
(1839,42.1875)
(1840,42.1875)
(1841,42.1875)
(1842,42.1875)
(1843,42.1875)
(1844,42.1875)
(1845,42.1875)
(1846,42.96875)
(1847,42.96875)
(1848,42.96875)
(1849,42.1875)
(1850,42.1875)
(1851,42.1875)
(1852,42.1875)
(1853,42.1875)
(1854,42.1875)
(1855,42.1875)
(1856,42.1875)
(1857,42.1875)
(1858,42.1875)
(1859,42.1875)
(1860,42.1875)
(1861,42.1875)
(1862,42.1875)
(1863,42.96875)
(1864,42.96875)
(1865,42.96875)
(1866,42.96875)
(1867,42.96875)
(1868,42.96875)
(1869,42.96875)
(1870,42.96875)
(1871,42.96875)
(1872,42.1875)
(1873,42.96875)
(1874,43.75)
(1875,42.96875)
(1876,43.75)
(1877,42.96875)
(1878,42.96875)
(1879,42.1875)
(1880,42.1875)
(1881,42.96875)
(1882,42.1875)
(1883,42.96875)
(1884,42.1875)
(1885,42.1875)
(1886,42.1875)
(1887,41.40625)
(1888,42.1875)
(1889,42.1875)
(1890,42.1875)
(1891,42.1875)
(1892,41.40625)
(1893,41.40625)
(1894,41.40625)
(1895,42.1875)
(1896,41.40625)
(1897,42.96875)
(1898,41.40625)
(1899,41.40625)
(1900,42.1875)
(1901,42.1875)
(1902,42.1875)
(1903,41.40625)
(1904,41.40625)
(1905,41.40625)
(1906,39.84375)
(1907,41.40625)
(1908,40.625)
(1909,40.625)
(1910,41.40625)
(1911,40.625)
(1912,40.625)
(1913,41.40625)
(1914,41.40625)
(1915,41.40625)
(1916,42.96875)
(1917,42.96875)
(1918,44.53125)
(1919,42.96875)
(1920,42.96875)
(1921,42.96875)
(1922,42.1875)
(1923,42.1875)
(1924,43.75)
(1925,42.1875)
(1926,42.1875)
(1927,42.1875)
(1928,42.1875)
(1929,42.1875)
(1930,40.625)
(1931,42.1875)
(1932,42.1875)
(1933,42.96875)
(1934,42.1875)
(1935,41.40625)
(1936,41.40625)
(1937,41.40625)
(1938,41.40625)
(1939,41.40625)
(1940,40.625)
(1941,42.1875)
(1942,40.625)
(1943,42.1875)
(1944,42.1875)
(1945,42.1875)
(1946,42.1875)
(1947,42.1875)
(1948,42.1875)
(1949,42.96875)
(1950,42.96875)
(1951,42.96875)
(1952,42.96875)
(1953,42.96875)
(1954,41.40625)
(1955,41.40625)
(1956,42.1875)
(1957,42.1875)
(1958,42.1875)
(1959,42.1875)
(1960,42.1875)
(1961,44.53125)
(1962,44.53125)
(1963,41.40625)
(1964,40.625)
(1965,38.28125)
(1966,37.5)
(1967,35.15625)
(1968,35.9375)
(1969,35.9375)
(1970,32.03125)
(1971,35.15625)
(1972,39.0625)
(1973,39.0625)
(1974,34.375)
(1975,21.09375)
(1976,29.6875)
(1977,32.03125)
(1978,35.15625)
(1979,35.15625)
(1980,41.40625)
