(0,44.8000,32.2665)
(1,69.5558,44.9047)
(2,70.9230,45.8921)
(3,50.4953,32.1164)
(4,71.2401,51.8382)
(5,72.0116,51.5485)
(6,73.2282,54.8351)
(7,71.6012,49.8324)
(8,58.7683,33.6595)
(9,58.6294,33.9372)
(10,68.9548,48.9963)
(11,65.6301,46.6389)
(12,67.6172,47.4835)
(13,61.3794,45.2442)
(14,62.3929,44.9955)
(15,58.5608,39.0550)
(16,59.6193,46.2626)
(17,63.2560,46.2646)
(18,70.8116,52.1953)
(19,70.1537,52.4089)
(20,65.6716,42.1210)
(21,68.4945,48.3336)
(22,71.1721,51.5964)
(23,69.2754,49.6269)
(24,65.6438,43.4439)
(25,68.7153,44.4053)
(26,65.6438,44.0832)
(27,70.1281,45.4119)
(28,71.2929,47.5709)
(29,72.5785,47.1903)
(30,70.5403,45.1237)
(31,64.7059,38.3134)
(32,68.4548,40.0834)
(33,65.8482,45.4915)
(34,67.0522,46.0971)
(35,66.3779,47.1775)
(36,64.7406,46.2680)
(37,62.1609,45.4183)
(38,63.3444,45.5737)
(39,62.3292,46.5235)
(40,62.3349,43.7012)
(41,51.1025,24.0762)
(42,6.8014,9.5102)
(43,9.7210,8.9878)
(44,10.6043,9.3294)
(45,11.8209,8.6549)
(46,15.2722,9.9067)
(47,71.3736,53.9704)
(48,72.6022,57.3120)
(49,69.8640,53.1352)
(50,71.4166,51.4505)
(51,45.5571,34.9567)
(52,81.2372,69.2477)
(53,45.2973,33.4136)
(54,74.5952,66.0487)
(55,62.1891,42.5189)
(56,75.2848,64.6830)
(57,71.7711,56.3316)
(58,78.6593,65.0170)
(59,81.6993,74.1819)
(60,85.1172,72.3515)
(61,79.3215,61.9907)
(62,77.8659,53.6873)
(63,77.7361,50.6716)
(64,84.5780,70.8558)
(65,68.5371,37.3469)
(66,84.4248,73.6386)
(67,83.0868,72.3533)
(68,87.4840,82.0034)
(69,86.5842,72.3948)
(70,87.7884,74.4956)
(71,87.6490,71.8101)
(72,87.6052,73.2485)
(73,88.4016,73.1110)
(74,86.9642,68.2063)
(75,83.0123,62.5960)
(76,93.7822,88.9896)
(77,92.7239,86.5109)
(78,94.0142,88.6502)
(79,93.4482,81.9688)
(80,95.7223,90.6755)
(81,96.6642,92.4797)
(82,96.6708,93.1708)
(83,97.7281,93.9186)
(84,96.4858,93.2195)
(85,84.9475,72.1695)
(86,55.7931,38.8281)
(87,76.2024,68.6069)
(88,72.7059,65.4100)
(89,72.2588,65.5344)
(90,72.8377,64.5130)
(91,72.3339,63.1509)
(92,70.2215,59.3347)
(93,72.1570,65.8901)
(94,73.8333,64.9736)
(95,72.1958,68.7513)
(96,73.4455,71.3862)
(97,73.0733,70.2528)
(98,73.2521,69.7956)
(99,50.7773,29.1404)
(100,74.1609,71.6617)
(101,79.6722,66.8975)
(102,79.8251,67.9395)
(103,72.0815,65.2095)
(104,72.3366,65.6447)
(105,71.2159,62.0522)
(106,71.7316,65.2769)
(107,72.2601,67.0732)
(108,73.3063,69.1505)
(109,66.4084,51.9220)
(110,70.0812,61.2916)
(111,70.5552,57.0311)
(112,87.6139,74.1266)
(113,88.9472,78.5222)
(114,87.5576,76.0139)
(115,87.8709,76.0007)
(116,85.8324,72.6911)
(117,87.2930,74.7669)
(118,86.5613,74.2240)
(119,88.3114,75.5052)
(120,87.9575,73.7638)
(121,88.4230,74.8504)
(122,87.3257,73.2733)
(123,86.5151,72.1994)
(124,87.0065,72.8854)
(125,86.1921,71.2868)
(126,85.7942,70.8090)
(127,84.6431,67.8522)
(128,84.1775,67.9174)
(129,85.7449,70.8251)
(130,85.0287,68.8312)
(131,85.6751,68.5808)
(132,84.0716,66.7559)
(133,84.5759,67.4670)
(134,82.7603,65.2718)
(135,83.0968,65.9784)
(136,84.3271,67.9789)
(137,84.4076,68.5578)
(138,83.7343,67.6842)
(139,82.9307,66.2201)
(140,80.3701,63.1995)
(141,80.6357,62.5933)
(142,81.0937,64.6081)
(143,87.6762,74.1522)
(144,89.4807,78.5347)
(145,90.6297,81.8080)
(146,90.9091,81.8479)
(147,89.8723,80.8659)
(148,89.4424,79.4761)
(149,88.1215,77.4940)
(150,88.7832,77.5981)
(151,85.8961,71.8287)
(152,90.3672,80.1742)
(153,89.7384,78.6113)
(154,86.4007,76.2070)
(155,87.7057,78.1058)
(156,87.9401,79.8950)
(157,85.9626,75.5148)
(158,85.3619,74.2755)
(159,86.5141,75.7897)
(160,86.4701,75.8125)
(161,87.7988,76.8892)
(162,89.3126,80.6926)
(163,84.9559,74.7011)
(164,90.9853,82.6580)
(165,86.5103,72.7117)
(166,87.0548,73.2377)
(167,89.8400,78.5028)
(168,90.4691,81.4382)
(169,88.8572,78.5714)
(170,89.9285,81.0806)
(171,91.8131,83.7853)
(172,91.6667,84.7990)
(173,89.3082,79.9275)
(174,90.2390,81.2397)
(175,88.7617,79.1948)
(176,87.5181,77.0564)
(177,88.8703,81.2763)
(178,87.7017,79.0189)
(179,88.7825,79.7336)
(180,88.3132,79.4789)
(181,87.8856,77.5201)
(182,87.5580,75.1434)
(183,84.9843,71.3933)
(184,83.0592,68.2299)
(185,87.2707,74.4534)
(186,88.3849,78.6349)
(187,90.1685,81.2156)
(188,89.7773,79.4733)
(189,86.5871,74.8610)
(190,89.6214,80.4626)
(191,87.0776,75.1143)
(192,87.8246,76.6673)
(193,85.2891,70.3021)
(194,83.0336,69.8553)
(195,83.1760,70.5501)
(196,87.2146,75.2096)
(197,84.7246,71.7443)
(198,83.1987,69.3713)
(199,85.2050,71.7984)
(200,84.2689,70.7372)
(201,84.7734,71.8545)
(202,87.3042,76.9003)
(203,86.3669,73.0249)
(204,82.9097,67.5638)
(205,83.4909,68.4954)
(206,82.7229,66.2284)
(207,82.4960,66.8258)
(208,83.8181,68.5714)
(209,81.3205,64.8237)
(210,75.7757,59.3521)
(211,77.7146,60.2545)
(212,74.5461,56.9874)
(213,80.1691,62.8510)
(214,79.3900,60.0633)
(215,75.9279,58.3076)
(216,73.7456,52.8744)
(217,77.3995,58.6068)
(218,84.2138,68.7926)
(219,74.8625,55.6401)
(220,72.8912,51.0929)
(221,72.3262,50.5252)
(222,71.9793,51.3071)
(223,73.9743,53.2001)
(224,78.9665,60.3482)
(225,81.2102,64.2200)
(226,77.1703,57.0638)
(227,74.1530,52.7980)
(228,73.0493,46.8092)
(229,76.7888,54.1416)
(230,74.4609,54.4458)
(231,76.8270,59.0076)
(232,75.4996,56.3597)
(233,74.2827,53.8781)
(234,74.1880,54.2676)
(235,75.0713,54.7996)
(236,74.8181,54.7564)
(237,76.6512,56.0937)
(238,77.7614,57.4231)
(239,74.7859,54.5553)
(240,73.3122,52.5037)
(241,72.3396,52.7224)
(242,71.3371,52.0763)
(243,70.9719,52.2071)
(244,71.9366,50.2447)
(245,76.2248,56.3111)
(246,70.8174,49.8864)
(247,74.5273,55.8110)
(248,73.1797,53.4249)
(249,74.0482,55.3827)
(250,75.2506,56.7014)
(251,74.4567,53.8404)
(252,75.0025,56.8042)
(253,73.5787,54.4550)
(254,68.8971,46.9136)
(255,67.3112,44.3302)
(256,67.7937,45.0334)
(257,66.8545,43.6280)
(258,67.8699,45.4176)
(259,67.6214,45.6138)
(260,70.5640,50.1413)
(261,71.1305,51.5462)
(262,73.4417,55.1392)
(263,71.8347,53.4974)
(264,71.8074,54.6396)
(265,78.7327,64.2496)
(266,73.8395,55.9675)
(267,67.9052,45.3814)
(268,69.8655,48.4550)
(269,32.7516,25.4658)
(270,35.8376,25.0457)
(271,32.0993,23.5167)
(272,34.6234,24.8142)
(273,31.7172,28.8457)
(274,32.5138,29.9672)
(275,31.9517,24.5643)
(276,34.0034,27.9517)
(277,35.2108,30.7823)
(278,34.7376,28.3389)
(279,35.6873,31.0578)
(280,34.2226,31.9268)
(281,35.6487,32.2834)
(282,38.5720,30.6693)
(283,38.0588,31.7568)
(284,36.8615,30.0272)
(285,34.3354,29.6409)
(286,33.9758,29.8743)
(287,33.9288,27.0395)
(288,34.9342,25.4641)
(289,37.0657,26.1365)
(290,36.9299,27.3565)
(291,33.6121,27.8821)
(292,35.4989,25.7524)
(293,32.3913,25.2193)
(294,32.3875,24.9310)
(295,34.5800,25.9544)
(296,34.1875,27.4806)
(297,33.0478,22.7536)
(298,30.5443,23.3928)
(299,29.9639,21.9648)
(300,29.1938,21.2275)
(301,28.0890,20.1306)
(302,27.5651,22.8470)
(303,23.0347,18.7348)
(304,23.9848,16.9962)
(305,26.0722,19.7708)
(306,26.4148,22.7493)
(307,23.8364,23.9610)
(308,23.7671,12.5619)
(309,21.2978,4.4126)
(310,20.8208,5.9292)
(311,19.3191,6.7331)
(312,20.6384,6.4139)
(313,19.7130,4.0180)
(314,19.4847,3.1352)
(315,21.3598,4.3568)
(316,23.7464,4.8978)
(317,11.1975,8.8982)
(318,14.8547,10.2576)
(319,18.4027,3.6353)
(320,20.6492,0.0000)
(321,22.0882,1.8210)
(322,23.4365,0.3466)
(323,22.6225,1.9819)
(324,23.6044,0.6830)
(325,24.6172,0.0912)
(326,23.6794,0.0000)
(327,24.3392,0.5701)
(328,24.9672,0.0000)
(329,29.3031,0.7076)
(330,29.2707,2.0091)
(331,26.5708,1.6209)
(332,27.0604,0.7300)
(333,28.4883,0.0787)
(334,30.7587,0.9550)
(335,29.0907,3.1836)
(336,29.2991,1.5371)
(337,28.5010,0.9894)
(338,26.6652,1.1860)
(339,25.0143,0.9425)
(340,24.2106,2.7038)
(341,24.9736,2.9324)
(342,23.9726,4.5869)
(343,23.2196,7.8243)
(344,26.8031,4.0306)
(345,28.0409,5.9136)
(346,26.2908,6.6095)
(347,25.7402,6.1314)
(348,27.0802,6.2445)
(349,26.1980,7.4465)
(350,28.3601,9.1301)
(351,17.8761,12.8471)
(352,22.6825,10.6875)
(353,21.8406,6.3122)
(354,19.8054,10.5786)
(355,22.1243,10.1638)
(356,18.8898,13.3273)
(357,21.6003,10.0401)
(358,15.3846,10.0261)
(359,21.1339,11.6819)
(360,19.6203,8.0706)
(361,23.3700,9.6185)
(362,26.7853,13.1278)
(363,24.4904,14.0490)
(364,30.4834,15.8659)
(365,29.1768,18.7589)
(366,32.7923,17.4222)
(367,30.5872,17.5966)
(368,32.1988,18.5547)
(369,32.5953,21.4347)
(370,32.4990,19.2108)
(371,27.5892,21.1067)
(372,38.9413,22.6945)
(373,42.2017,21.7176)
(374,41.5237,20.1038)
(375,34.9274,16.5422)
(376,31.3911,16.1695)
(377,25.5909,14.4154)
(378,24.1833,13.6235)
(379,22.5784,7.9320)
(380,14.2437,11.0739)
(381,13.9114,10.1362)
(382,14.3306,9.7882)
(383,16.3759,9.9144)
(384,18.7399,11.3074)
(385,17.0820,9.1060)
(386,18.0759,9.9774)
(387,22.8066,10.3991)
(388,23.4839,12.3037)
(389,23.8652,13.2574)
(390,21.3712,12.8199)
(391,22.7506,13.0714)
(392,18.6028,11.5979)
(393,18.2357,8.6289)
(394,17.6060,10.3774)
(395,20.2713,12.2070)
(396,20.6430,9.1135)
(397,19.6168,9.2455)
(398,19.3827,7.9271)
(399,21.6848,10.3956)
(400,20.1685,10.5542)
(401,19.1604,8.4003)
(402,19.3763,8.5992)
(403,18.4435,7.1929)
(404,22.6323,9.5054)
(405,24.3374,9.9934)
(406,24.7854,10.9272)
(407,24.0690,10.0047)
(408,24.9561,10.3292)
(409,25.3003,10.9031)
(410,25.0658,10.8446)
(411,27.8767,14.9869)
(412,30.0329,17.0374)
(413,28.6739,14.5739)
(414,27.2387,13.3912)
(415,28.6287,15.0192)
(416,30.5754,15.1437)
(417,30.2146,17.9492)
(418,30.8807,15.4511)
(419,29.1320,13.1808)
(420,29.2929,13.7527)
(421,31.3352,17.3858)
(422,29.3724,15.4434)
(423,31.3156,17.9426)
(424,30.8242,17.8038)
(425,31.6884,17.4617)
(426,31.5670,19.1850)
(427,32.5047,18.0376)
(428,33.0931,18.6847)
(429,32.6899,18.6038)
(430,32.7537,19.3982)
(431,33.3145,19.0210)
(432,32.9784,19.3762)
(433,33.4337,19.6242)
(434,33.5754,19.4591)
(435,33.8680,19.3148)
(436,33.5082,18.6368)
(437,33.6217,19.0107)
(438,33.8158,19.2530)
(439,33.4618,18.7073)
(440,33.2991,19.1015)
(441,32.9414,18.6223)
(442,33.6843,18.8065)
(443,32.3893,18.6679)
(444,32.7200,19.0615)
(445,32.8335,19.0173)
(446,33.1337,19.1903)
(447,32.6996,19.7727)
(448,32.6336,19.9163)
(449,33.0164,19.4320)
(450,32.2638,19.1653)
(451,32.9045,19.1007)
(452,32.7124,18.7256)
(453,32.6178,18.3740)
(454,32.5967,19.1367)
(455,32.1768,18.4241)
(456,32.4465,18.9279)
(457,32.4409,18.6912)
(458,32.2139,18.1523)
(459,31.6200,17.7347)
(460,31.8991,17.6008)
(461,31.2573,16.8071)
(462,31.2694,16.7006)
(463,31.3018,17.0613)
(464,31.3682,17.1738)
(465,31.2637,16.4837)
(466,30.9501,16.1276)
(467,31.3371,16.3797)
(468,31.0145,15.6215)
(469,30.6192,15.6421)
(470,30.6979,15.2342)
(471,31.1335,16.0651)
(472,31.3202,16.6384)
(473,31.1166,16.4927)
(474,31.5529,16.4871)
(475,31.4568,15.9356)
(476,32.2480,18.1926)
(477,32.5544,18.4009)
(478,32.2129,17.6434)
(479,31.8198,17.1779)
(480,31.6835,16.8050)
(481,31.8325,17.0264)
(482,32.5647,18.3624)
(483,32.2737,18.1315)
(484,32.7542,17.9393)
(485,32.3277,17.3711)
(486,32.3937,17.8734)
(487,32.2951,17.9512)
(488,32.2124,17.9469)
(489,32.0025,18.2085)
(490,31.8980,17.6231)
(491,31.7090,17.4896)
(492,31.9124,17.2447)
(493,31.4623,16.6786)
(494,31.7114,16.6548)
(495,31.4841,16.3983)
(496,31.6012,16.4996)
(497,31.4451,17.2773)
(498,31.4035,17.0308)
(499,31.4002,16.7055)
(500,31.4071,16.4380)
(501,31.4419,16.4996)
(502,31.3410,16.8513)
(503,31.7495,17.6402)
(504,32.1948,18.1590)
(505,32.2736,18.4020)
(506,32.5340,18.2553)
(507,32.6266,18.7004)
(508,32.8323,18.1083)
(509,32.7120,18.1490)
(510,32.1725,16.9980)
(511,32.4197,17.9638)
(512,32.4649,18.1005)
(513,31.6094,17.1296)
(514,32.3627,17.7893)
(515,31.8786,18.1334)
(516,31.9146,17.8171)
(517,31.9020,17.8266)
(518,31.9394,17.4690)
(519,32.8994,18.5750)
(520,32.7240,18.0744)
(521,31.8300,16.7762)
(522,33.2425,16.5579)
(523,33.9181,16.0677)
(524,34.8742,17.3423)
(525,34.4625,18.2139)
(526,34.0342,18.3592)
(527,35.6053,19.8127)
(528,35.2813,20.2649)
(529,33.1909,20.0000)
(530,32.0238,18.2079)
(531,32.4733,18.0114)
(532,31.6164,17.1661)
(533,37.5163,21.5498)
(534,36.7059,19.9192)
(535,35.9574,20.4950)
(536,35.1552,18.0248)
(537,34.8675,18.7760)
(538,34.7419,19.3785)
(539,35.8690,19.7484)
(540,37.7866,18.6308)
(541,35.4613,18.7439)
(542,36.0226,16.8082)
(543,38.7687,20.6689)
(544,35.3309,20.4536)
(545,36.2314,22.0774)
(546,33.5197,19.0079)
(547,34.4738,19.9082)
(548,36.7145,23.8902)
(549,33.7163,19.8738)
(550,34.0521,19.3844)
(551,33.1960,20.2769)
(552,31.2694,18.8522)
(553,36.2647,22.7335)
(554,31.9744,16.5204)
(555,31.8547,19.3074)
(556,33.1540,17.6073)
(557,29.0916,16.9756)
(558,26.0635,14.9315)
(559,25.5542,14.4373)
(560,24.8585,14.4327)
(561,25.4950,14.7564)
(562,24.8814,14.1199)
(563,26.7892,15.5043)
(564,28.8798,15.5490)
(565,13.3166,11.1121)
(566,31.8482,11.4544)
(567,40.5891,7.9152)
(568,39.9752,7.5597)
(569,32.6541,8.7481)
(570,37.9499,8.4610)
(571,42.3272,2.3338)
(572,43.6195,4.0965)
(573,47.9721,11.4900)
(574,51.4784,8.0548)
(575,50.9136,5.5336)
(576,50.1257,3.8411)
(577,47.3961,4.4384)
(578,48.2888,5.2226)
(579,45.2146,4.5035)
(580,45.6305,5.9054)
(581,42.3963,5.2748)
(582,44.1423,5.1604)
(583,36.9980,4.6463)
(584,34.8597,1.7797)
(585,40.4745,5.7187)
(586,37.2813,5.7312)
(587,36.7283,4.2132)
(588,40.0928,5.6560)
(589,37.6406,5.6233)
(590,39.7933,5.4526)
(591,36.9336,3.3040)
(592,33.2939,4.5284)
(593,30.9690,1.4580)
(594,31.1867,0.7557)
(595,30.4099,1.4118)
(596,31.4067,4.8157)
(597,24.3153,8.5301)
(598,21.8838,7.1100)
(599,23.6363,9.6352)
(600,43.6015,9.5475)
(601,42.3843,8.1645)
(602,41.1535,9.2264)
(603,38.6279,10.1918)
(604,19.1724,8.8222)
(605,38.4436,14.9365)
(606,82.8521,70.9132)
(607,82.4401,70.2602)
(608,70.4851,51.1088)
(609,81.2000,67.7460)
(610,86.0097,75.4634)
(611,84.1714,71.3364)
(612,84.0872,70.9395)
(613,85.4911,71.2269)
(614,82.5139,66.5910)
(615,80.8924,64.1047)
(616,79.9365,64.8827)
(617,81.3904,65.5999)
(618,80.0289,62.4441)
(619,81.1502,63.8600)
(620,84.3586,66.7357)
(621,81.3033,62.0109)
(622,77.4789,58.8359)
(623,78.1183,58.2395)
(624,82.1787,62.9227)
(625,82.8080,67.3548)
(626,82.2303,64.3863)
(627,79.7783,61.3131)
(628,80.8087,62.5477)
(629,73.7818,56.9264)
(630,77.5564,59.6359)
(631,78.8212,61.2396)
(632,84.0856,70.2869)
(633,82.3830,65.9582)
(634,80.8693,63.0710)
(635,82.5875,66.7586)
(636,80.8220,65.8726)
(637,73.7523,65.8370)
(638,74.9543,60.4854)
(639,75.3738,58.9582)
(640,68.5658,51.3205)
(641,71.2833,53.9421)
(642,71.0437,52.0459)
(643,65.9121,47.4852)
(644,61.4295,41.5760)
(645,64.3190,43.4369)
(646,65.2621,45.5287)
(647,65.8435,50.6247)
(648,65.7952,46.3126)
(649,68.1485,52.2873)
(650,69.9742,51.6066)
(651,69.6418,52.1147)
(652,71.5748,57.9020)
(653,66.2998,48.3859)
(654,63.2552,45.0185)
(655,58.4827,42.3331)
(656,56.1590,38.5605)
(657,26.5264,25.7810)
(658,17.5552,20.3194)
(659,60.0268,39.9885)
(660,63.1784,44.3002)
(661,62.4395,45.8607)
(662,30.6087,25.5551)
(663,39.1105,27.3927)
(664,41.5848,20.4713)
(665,29.0702,17.3613)
(666,23.9413,21.6563)
(667,64.1278,47.9585)
(668,28.7690,18.0388)
(669,23.4833,18.5138)
(670,36.4114,14.3947)
(671,38.8162,20.4265)
(672,39.8257,20.5904)
(673,37.9182,18.4464)
(674,14.9099,12.0359)
(675,52.6634,37.8474)
(676,51.9600,37.9168)
(677,7.6649,12.0507)
(678,6.9087,11.7316)
(679,42.6101,21.0499)
(680,47.3079,25.6794)
(681,49.9674,28.0219)
(682,49.3959,29.0265)
(683,53.6609,32.7831)
(684,54.3154,31.8911)
(685,53.1085,29.3478)
(686,58.1851,32.1354)
(687,58.2623,30.7541)
(688,58.0271,30.0674)
(689,57.7546,31.6985)
(690,52.4597,27.2388)
(691,50.3389,21.8077)
(692,52.2477,22.7290)
(693,53.9103,23.7860)
(694,49.7178,12.7950)
(695,49.4236,18.1501)
(696,47.4775,16.3250)
(697,47.8775,17.3510)
(698,46.5604,17.3073)
(699,46.6019,18.4711)
(700,46.6531,21.2402)
(701,49.4184,19.6565)
(702,48.6571,20.7416)
(703,52.1970,21.5245)
(704,54.1336,20.3097)
(705,56.3621,22.1694)
(706,54.3670,21.8197)
(707,55.1333,25.0889)
(708,53.6596,21.1247)
(709,52.9308,20.3667)
(710,50.0639,20.7155)
(711,49.5487,20.4055)
(712,26.8917,9.8307)
(713,26.5181,9.2188)
(714,25.8194,9.3539)
(715,28.6879,10.9037)
(716,26.7167,9.3308)
(717,47.8329,20.2997)
(718,9.5378,8.9757)
(719,36.8671,16.7520)
(720,10.3313,9.5692)
(721,15.8784,10.0673)
(722,10.3120,11.9420)
(723,8.8398,16.2366)
(724,6.6940,14.2275)
(725,12.3922,17.6812)
(726,30.2436,20.0877)
(727,38.9905,21.5766)
(728,40.9409,25.6909)
(729,42.6922,28.3458)
(730,42.7117,28.3278)
(731,42.1586,22.7747)
(732,39.1277,22.8442)
(733,40.0687,17.0287)
(734,46.1246,23.0247)
(735,17.2820,6.7595)
(736,47.3600,30.0022)
(737,48.9231,30.1325)
(738,55.7529,26.3005)
(739,53.4228,26.4913)
(740,48.4129,30.3401)
(741,43.5033,32.7688)
(742,41.3718,26.7432)
(743,40.4649,31.6722)
(744,39.3818,35.5385)
(745,40.5241,35.7400)
(746,46.0242,33.4202)
(747,50.1716,26.3791)
(748,55.7102,32.8594)
(749,55.0739,33.6902)
(750,52.5307,37.8947)
(751,50.8872,34.6203)
(752,52.2507,38.2939)
(753,53.5368,36.5252)
(754,49.6177,33.9820)
(755,57.2385,39.8873)
(756,58.6994,37.1455)
(757,56.6198,40.6136)
(758,54.0553,32.0141)
(759,55.0292,35.6154)
(760,53.4237,33.9800)
(761,50.6768,33.1911)
(762,47.2695,30.1448)
(763,44.2857,27.8300)
(764,43.2415,27.6941)
(765,39.9358,25.4580)
(766,36.7663,23.8848)
(767,39.5201,23.9358)
(768,35.7782,25.3741)
(769,36.4638,25.4187)
(770,37.0194,23.0155)
(771,36.4844,21.8548)
(772,32.9991,22.0558)
(773,36.3900,25.2223)
(774,39.8465,24.7540)
(775,26.3361,9.2142)
(776,19.2588,5.8975)
(777,16.5006,5.6586)
(778,23.7786,7.7515)
(779,22.6746,6.4416)
(780,28.6258,7.7059)
(781,28.7220,7.8698)
(782,27.9430,8.8740)
(783,29.8436,11.0204)
(784,21.0031,7.3836)
(785,24.9687,9.7295)
(786,23.4945,8.8014)
(787,23.6155,7.6398)
(788,23.7146,10.8625)
(789,28.8201,9.6483)
(790,26.5872,8.4570)
(791,25.6300,7.6953)
(792,33.6885,10.3091)
(793,35.0831,12.1406)
(794,37.1667,12.0477)
(795,30.6849,9.5250)
(796,30.5269,10.4545)
(797,28.1772,9.0685)
(798,33.5275,13.3327)
(799,31.6599,11.9235)
(800,31.7459,9.6474)
(801,30.5872,10.5705)
(802,25.7233,10.2452)
(803,22.7752,7.8368)
(804,16.8503,4.8940)
(805,19.3785,6.1904)
(806,21.1911,7.5663)
(807,30.8920,12.1517)
(808,30.9338,13.4179)
(809,32.5320,13.5635)
(810,32.1151,14.8877)
(811,29.6981,12.7604)
(812,31.3026,11.4997)
(813,34.7478,11.3232)
(814,35.5530,12.2337)
(815,36.3864,11.7422)
(816,33.8839,12.8176)
(817,39.8300,14.2627)
(818,42.1070,14.9232)
(819,34.4372,14.1466)
(820,32.2049,13.6785)
(821,33.1406,14.7486)
(822,32.2738,15.6556)
(823,32.9933,18.1880)
(824,31.7533,19.0706)
(825,31.2910,17.5532)
(826,32.9777,15.6198)
(827,30.2143,17.5631)
(828,30.0512,18.1746)
(829,35.1218,20.6806)
(830,32.9413,19.3282)
(831,33.1170,17.8320)
(832,32.7605,15.9665)
(833,30.4352,17.0243)
(834,28.7247,16.5141)
(835,29.7185,17.9837)
(836,28.0645,17.1391)
(837,31.4056,16.5100)
(838,30.8025,14.8513)
(839,34.5463,18.0328)
(840,35.8005,15.9774)
(841,28.7815,18.5099)
(842,28.6582,15.7668)
(843,30.1020,15.9601)
(844,30.8662,17.5177)
(845,31.7312,19.3115)
(846,26.8736,16.1565)
(847,28.8979,15.1589)
(848,28.2702,17.3729)
(849,32.6077,17.5468)
(850,30.8273,15.6250)
(851,34.9963,21.6956)
(852,30.6654,17.6146)
(853,33.2927,15.7516)
(854,31.5696,13.7107)
(855,32.1338,12.3676)
(856,35.4794,12.3136)
(857,37.2159,13.7271)
(858,35.4456,14.0347)
(859,32.7413,15.6944)
(860,30.2037,13.1894)
(861,31.4910,12.8123)
(862,34.5495,12.6425)
(863,38.8918,12.6702)
(864,39.0102,15.7100)
(865,45.4181,14.9110)
(866,44.2876,13.9618)
(867,51.1066,16.6270)
(868,58.1434,18.1934)
(869,62.7647,32.1479)
(870,61.8712,27.9669)
(871,63.9418,26.9706)
(872,66.8892,26.5598)
(873,65.7220,37.2777)
(874,63.1392,32.8466)
(875,60.1389,23.8095)
(876,62.7576,28.1683)
(877,56.7456,24.5032)
(878,56.6091,21.6311)
(879,60.0699,25.3493)
(880,63.5751,29.2346)
(881,70.3004,36.9333)
(882,67.6527,38.7920)
(883,75.6914,40.6094)
(884,76.4093,45.1416)
(885,75.0802,41.2523)
(886,68.6275,37.8975)
(887,69.0717,29.0884)
(888,66.3979,33.1672)
(889,67.6291,31.0043)
(890,71.4358,42.0280)
(891,63.4917,28.0622)
(892,63.4208,24.8650)
(893,63.9640,26.3077)
(894,63.5000,26.5790)
(895,70.1772,32.9121)
(896,66.6583,24.7082)
(897,65.5761,25.3174)
(898,61.9545,27.6231)
(899,61.1749,28.4412)
(900,63.6342,28.6150)
(901,59.0938,25.1661)
(902,56.0426,24.4384)
(903,49.8019,19.9912)
(904,55.6774,20.0566)
(905,50.6603,17.7715)
(906,42.7219,14.9557)
(907,44.6216,17.1078)
(908,50.7180,20.5758)
(909,52.0196,26.9682)
(910,63.2229,39.3730)
(911,59.7597,35.9317)
(912,56.9288,27.2642)
(913,49.1958,23.2058)
(914,51.3861,24.2180)
(915,39.9118,21.2834)
(916,33.2679,15.7166)
(917,33.7170,14.8470)
(918,39.7465,15.3773)
(919,45.8073,16.1136)
(920,48.9482,24.7261)
(921,43.9853,15.2057)
(922,47.6815,15.7927)
(923,51.7493,29.3449)
(924,48.9527,21.3295)
(925,49.1612,21.9727)
(926,44.6746,19.2581)
(927,38.4516,16.2536)
(928,37.8944,15.4751)
(929,28.1590,12.1371)
(930,36.2086,16.5070)
(931,29.4159,16.2756)
(932,33.6193,17.7150)
(933,36.8570,18.0287)
(934,36.0978,15.8493)
(935,35.5672,15.6811)
(936,40.1452,14.3978)
(937,31.4815,14.2649)
(938,41.7894,17.2969)
(939,34.6697,17.2041)
(940,33.9652,17.2086)
(941,34.5090,18.2570)
(942,34.9116,18.1096)
(943,34.1225,17.6074)
(944,35.7665,18.1462)
(945,34.2066,16.9948)
(946,33.1955,18.7391)
(947,35.0894,19.9774)
(948,35.7290,19.0596)
(949,35.7064,18.7899)
(950,49.2676,21.1846)
(951,44.3945,20.9835)
(952,45.6280,21.3212)
(953,44.1960,21.7770)
(954,48.1468,22.0998)
(955,49.6226,23.0728)
(956,64.3085,26.6949)
(957,58.1883,25.1623)
(958,51.2035,22.1935)
(959,51.3798,23.0414)
(960,50.4592,21.9109)
(961,53.6815,22.0452)
(962,64.9623,29.5167)
(963,60.4017,24.2114)
(964,48.5253,21.4407)
(965,49.0722,21.5076)
(966,47.7582,22.3544)
(967,56.0527,22.9216)
(968,54.7366,22.1013)
(969,51.2597,21.4932)
(970,47.9613,20.8932)
(971,49.6955,23.4431)
(972,53.4469,22.5905)
(973,47.0867,20.5427)
(974,53.2562,25.7496)
(975,55.5254,24.1286)
(976,52.8351,21.6633)
(977,49.0566,21.9109)
(978,45.7590,21.9547)
(979,45.2015,21.2935)
(980,38.1810,20.2993)
(981,39.9164,20.4464)
(982,49.0329,22.0042)
(983,37.0130,19.2593)
(984,41.6986,21.0761)
(985,36.7876,20.4794)
(986,42.1282,22.8698)
(987,52.0991,24.7883)
(988,47.5889,22.8000)
(989,44.7218,22.7356)
(990,49.5457,24.6461)
(991,53.2955,23.9215)
(992,57.4161,25.9784)
(993,52.8025,24.9144)
(994,40.7044,20.9904)
(995,46.0652,22.3502)
(996,45.0500,22.7863)
(997,53.5882,24.7656)
(998,53.5197,26.7612)
(999,59.5929,28.8771)
(1000,45.4844,21.3162)
(1001,45.3823,23.2222)
(1002,45.2454,21.6077)
(1003,44.8155,20.8474)
(1004,52.1182,25.6392)
(1005,49.0929,21.0545)
(1006,43.2506,20.8892)
(1007,36.3663,21.1300)
(1008,49.6990,24.5726)
(1009,47.4925,21.6710)
(1010,47.0630,22.4257)
(1011,55.3035,28.2110)
(1012,37.1515,19.7309)
(1013,34.3404,20.1900)
(1014,41.8835,19.6865)
(1015,42.9368,21.2020)
(1016,40.2971,20.3909)
(1017,31.9216,19.0633)
(1018,33.0004,19.8735)
(1019,33.4144,19.7593)
(1020,34.6742,20.6428)
(1021,39.3994,20.4389)
(1022,39.0940,21.2463)
(1023,35.6406,19.7240)
(1024,40.8038,20.1611)
(1025,32.3069,17.6507)
(1026,38.5912,19.3997)
(1027,36.8436,19.3875)
(1028,40.0831,20.1325)
(1029,34.2993,18.8414)
(1030,36.2933,18.8704)
(1031,33.1261,17.3674)
(1032,39.5683,19.4771)
(1033,44.7631,21.4092)
(1034,41.8711,21.3015)
(1035,43.4971,21.6341)
(1036,41.7544,21.2234)
(1037,44.3795,21.1311)
(1038,42.3489,20.8152)
(1039,41.5691,20.6439)
(1040,41.7259,19.2775)
(1041,39.7453,19.0793)
(1042,39.1695,20.8822)
(1043,43.2950,21.9315)
(1044,42.0626,20.6654)
(1045,39.7767,20.5524)
(1046,39.8114,21.2634)
(1047,45.6545,21.6875)
(1048,45.0577,22.1914)
(1049,38.0967,19.2552)
(1050,35.8428,16.9662)
(1051,37.6592,18.1722)
(1052,41.5369,21.3028)
(1053,39.3755,17.6218)
(1054,44.2924,20.7711)
(1055,41.0741,21.5158)
(1056,38.5795,17.8153)
(1057,37.7768,18.8766)
(1058,33.0848,17.8740)
(1059,38.1837,21.5968)
(1060,40.4789,24.0874)
(1061,41.8909,23.7720)
(1062,42.3408,23.4020)
(1063,44.7141,29.3625)
(1064,42.8770,23.2589)
(1065,41.7003,17.4712)
(1066,41.4145,24.6626)
(1067,50.3209,26.8319)
(1068,50.8330,27.7232)
(1069,42.7251,26.5386)
(1070,36.5119,21.8617)
(1071,38.4427,23.5007)
(1072,38.8655,23.1143)
(1073,37.9872,22.3708)
(1074,35.0563,19.7746)
(1075,42.6218,23.9170)
(1076,47.3348,23.1390)
(1077,38.9847,19.0100)
(1078,47.0228,21.3384)
(1079,42.7647,22.1574)
(1080,42.0378,20.9755)
(1081,42.5234,22.2719)
(1082,46.4459,24.4383)
(1083,49.8992,28.7674)
(1084,58.5329,34.9910)
(1085,57.1063,35.0218)
(1086,55.9340,32.3552)
(1087,57.8111,35.5601)
(1088,47.5524,23.3594)
(1089,43.4145,21.0902)
(1090,38.8993,20.7199)
(1091,38.3497,20.6393)
(1092,42.6002,22.2870)
(1093,35.9505,19.7204)
(1094,40.4527,20.7265)
(1095,38.6188,20.6122)
(1096,43.6966,21.0688)
(1097,39.8349,20.4144)
(1098,38.6423,19.7487)
(1099,43.7595,21.2997)
(1100,46.0010,24.4313)
(1101,44.0555,21.1431)
(1102,47.3230,24.3317)
(1103,44.6333,21.5341)
(1104,45.3344,20.0440)
(1105,46.2845,20.0797)
(1106,50.0845,25.6395)
(1107,51.7038,27.8281)
(1108,55.2548,30.0421)
(1109,49.4295,20.6951)
(1110,48.2220,23.6926)
(1111,46.6391,24.6776)
(1112,49.0033,22.9515)
(1113,46.9986,25.5915)
(1114,46.3076,29.3296)
(1115,47.2236,28.1530)
(1116,54.7296,40.0734)
(1117,50.9547,32.0602)
(1118,53.8109,37.5680)
(1119,55.9017,38.6778)
(1120,56.3629,35.5660)
(1121,59.5506,33.9191)
(1122,58.7942,38.5737)
(1123,55.1697,34.8203)
(1124,55.9407,33.5413)
(1125,54.5228,29.0940)
(1126,56.2855,37.3052)
(1127,56.3981,27.1833)
(1128,59.7801,27.2418)
(1129,54.9071,26.3851)
(1130,58.3090,30.1877)
(1131,53.5409,25.7005)
(1132,48.5646,23.6480)
(1133,51.5927,24.1886)
(1134,51.7668,25.6225)
(1135,54.6358,30.1049)
(1136,55.3677,27.9376)
(1137,55.8355,27.6823)
(1138,55.2058,26.3501)
(1139,52.1474,22.0942)
(1140,57.2036,26.4636)
(1141,55.5091,23.7716)
(1142,55.0159,23.0854)
(1143,53.6975,27.4172)
(1144,55.5446,23.6343)
(1145,53.2573,20.9611)
(1146,52.2259,23.0705)
(1147,55.1872,21.0256)
(1148,57.9593,29.6437)
(1149,53.8938,19.5642)
(1150,53.4419,20.9561)
(1151,52.2993,25.0358)
(1152,51.1395,19.1110)
(1153,52.0046,22.7247)
(1154,50.0476,21.7954)
(1155,52.5258,23.6211)
(1156,54.8329,22.0691)
(1157,50.6689,20.8338)
(1158,49.5703,23.1266)
(1159,47.3617,21.2310)
(1160,50.1115,20.6459)
(1161,46.7145,20.8950)
(1162,47.0514,20.5993)
(1163,46.2930,19.4270)
(1164,47.1837,23.0790)
(1165,44.4347,18.2551)
(1166,40.7739,17.8167)
(1167,38.5441,18.3481)
(1168,46.2079,21.9649)
(1169,42.2314,19.6146)
(1170,41.4308,20.4144)
(1171,39.1520,18.8199)
(1172,41.8258,20.3875)
(1173,38.7949,17.7074)
(1174,37.6238,18.8050)
(1175,38.1925,17.6958)
(1176,41.8818,19.8518)
(1177,39.4357,18.3879)
(1178,36.1452,17.9016)
(1179,36.2608,17.6408)
(1180,39.0041,18.2930)
(1181,36.9586,17.0813)
(1182,36.4513,16.5039)
(1183,32.4809,16.3244)
(1184,36.0542,17.4859)
(1185,36.6851,17.2403)
(1186,36.0304,16.6737)
(1187,32.5056,16.4326)
(1188,36.3334,16.7482)
(1189,35.9526,16.6735)
(1190,35.9652,16.2368)
(1191,34.9803,15.9613)
(1192,39.2569,18.5420)
(1193,46.4103,23.8399)
(1194,52.1839,28.5177)
(1195,50.1122,27.7971)
(1196,51.7186,29.4504)
(1197,55.6278,31.1412)
(1198,53.6907,31.2833)
(1199,56.1015,31.2240)
(1200,59.7876,35.0998)
(1201,39.2295,21.3385)
(1202,54.2026,31.5443)
(1203,55.0807,31.9071)
(1204,55.6140,32.5514)
(1205,52.2557,29.8886)
(1206,53.3364,31.0505)
(1207,54.8055,31.4143)
(1208,55.7564,31.2748)
(1209,50.3853,25.7960)
(1210,52.5791,27.6004)
(1211,54.3740,30.2820)
(1212,54.7995,32.2939)
(1213,55.5056,33.1568)
(1214,47.7111,24.2627)
(1215,49.7390,21.9550)
(1216,45.0888,22.4876)
(1217,44.3799,20.5396)
(1218,43.0647,13.1249)
(1219,43.8736,14.4646)
(1220,47.2340,17.8112)
(1221,54.9137,17.4658)
(1222,47.3966,14.1690)
(1223,50.2013,13.8358)
(1224,35.8575,8.6776)
(1225,40.2928,9.9054)
(1226,35.5342,7.3788)
(1227,41.8259,9.9188)
(1228,38.9480,9.5575)
(1229,46.3478,9.1178)
(1230,38.1106,7.5128)
(1231,29.4763,5.4132)
(1232,31.9811,6.5935)
(1233,47.0962,10.0290)
(1234,43.6789,18.6158)
(1235,42.6627,17.3913)
(1236,42.5410,19.7579)
(1237,43.4608,17.8620)
(1238,43.7719,18.1746)
(1239,42.8069,17.7120)
(1240,43.6063,18.9736)
(1241,42.8014,18.0390)
(1242,42.6165,18.4184)
(1243,41.8495,17.2960)
(1244,41.9427,17.1994)
(1245,41.6303,17.9948)
(1246,41.3751,18.0949)
(1247,40.4852,16.3391)
(1248,39.3852,16.3719)
(1249,41.9692,16.3082)
(1250,41.6804,16.4194)
(1251,41.5640,16.3199)
(1252,41.3081,16.4095)
(1253,41.7568,16.3200)
(1254,42.2194,15.8973)
(1255,42.0486,16.7869)
(1256,42.9518,16.2330)
(1257,43.7147,16.9484)
(1258,43.2453,17.0828)
(1259,42.6870,17.5037)
(1260,42.2968,16.5655)
(1261,42.1667,17.4330)
(1262,43.3541,19.2233)
(1263,42.5960,18.0655)
(1264,42.9276,17.7259)
(1265,42.8945,16.1773)
(1266,42.7312,16.9001)
(1267,41.6932,15.8803)
(1268,41.0675,15.9187)
(1269,41.0095,15.9044)
(1270,41.7173,16.6516)
(1271,41.3831,16.1930)
(1272,41.4000,15.8090)
(1273,41.9512,16.6210)
(1274,40.8325,16.1828)
(1275,38.4649,15.5679)
(1276,38.3333,15.0441)
(1277,39.6016,15.7002)
(1278,39.7704,15.2811)
(1279,39.4507,15.7556)
(1280,38.5459,15.1180)
(1281,38.1325,15.0795)
(1282,37.5000,15.8175)
(1283,38.2115,15.8656)
(1284,39.4637,15.4824)
(1285,41.9950,17.5053)
(1286,42.1156,17.4878)
(1287,41.7203,16.2571)
(1288,41.9232,16.6125)
(1289,42.0684,15.8728)
(1290,41.8382,15.3289)
(1291,41.9129,15.6060)
(1292,41.6313,15.8737)
(1293,41.7072,15.4746)
(1294,41.6448,15.9296)
(1295,41.7264,16.6223)
(1296,42.1283,16.6499)
(1297,41.9738,16.1232)
(1298,42.2300,16.6388)
(1299,42.4527,16.4246)
(1300,42.1163,15.8855)
(1301,40.9291,14.5148)
(1302,41.6136,16.2380)
(1303,41.4880,15.9166)
(1304,40.6409,15.5168)
(1305,40.6782,14.8371)
(1306,40.5853,14.8973)
(1307,40.8438,15.7411)
(1308,41.3327,15.4382)
(1309,40.1635,14.2874)
(1310,41.8950,16.5722)
(1311,40.9277,14.6020)
(1312,36.9437,14.1759)
(1313,41.8753,14.3732)
(1314,42.1879,15.0228)
(1315,42.2243,15.4234)
(1316,42.0027,14.9857)
(1317,41.7521,14.2609)
(1318,42.8548,15.4270)
(1319,42.9589,16.0153)
(1320,42.5121,15.6410)
(1321,42.4706,15.8367)
(1322,42.4555,16.9516)
(1323,43.0150,16.8998)
(1324,41.9674,16.2459)
(1325,42.2426,17.0206)
(1326,42.6659,17.2823)
(1327,42.6239,17.0822)
(1328,42.9399,17.5928)
(1329,42.6521,17.8989)
(1330,42.0107,17.7559)
(1331,42.3734,17.9003)
(1332,42.9964,17.4589)
(1333,42.0897,17.3973)
(1334,42.7880,17.9875)
(1335,37.7897,17.2867)
(1336,41.1584,18.5214)
(1337,39.1751,17.6935)
(1338,38.9635,18.0724)
(1339,42.0680,17.1548)
(1340,43.3308,17.4835)
(1341,42.8892,17.0176)
(1342,43.3509,17.4213)
(1343,43.1881,17.7040)
(1344,43.1832,17.2961)
(1345,42.6279,17.0701)
(1346,42.6194,17.1879)
(1347,41.6689,16.7834)
(1348,40.7762,17.4483)
(1349,41.5727,17.3104)
(1350,41.5823,17.4382)
(1351,41.6470,17.1301)
(1352,42.0148,17.0421)
(1353,41.1965,16.4836)
(1354,39.9309,16.7446)
(1355,39.6879,17.0501)
(1356,39.9637,17.1467)
(1357,40.2209,17.3292)
(1358,40.0674,17.2697)
(1359,40.5353,17.1813)
(1360,39.9624,17.4826)
(1361,40.0763,17.7335)
(1362,39.8002,18.3439)
(1363,40.2317,18.3573)
(1364,40.6950,18.0263)
(1365,40.5801,18.0159)
(1366,40.8042,17.8925)
(1367,40.6309,17.7780)
(1368,38.9133,17.3754)
(1369,41.1579,16.3583)
(1370,40.7367,17.5015)
(1371,41.5822,17.2119)
(1372,41.4656,16.5701)
(1373,41.0099,17.1654)
(1374,41.3774,16.9457)
(1375,40.9299,17.6513)
(1376,40.7174,15.8919)
(1377,41.2160,16.8688)
(1378,41.2245,16.7970)
(1379,41.4686,16.5969)
(1380,41.1201,17.3599)
(1381,40.9612,15.9006)
(1382,40.6734,17.3399)
(1383,40.9596,15.1786)
(1384,39.3886,17.4737)
(1385,40.6639,15.5642)
(1386,39.4653,17.2992)
(1387,41.2231,17.0492)
(1388,39.9046,16.6527)
(1389,40.6518,16.9504)
(1390,40.8114,17.0323)
(1391,41.1807,17.3153)
(1392,41.8562,17.2263)
(1393,41.6296,16.8901)
(1394,42.1076,17.0289)
(1395,42.2662,17.6054)
(1396,41.9392,17.8219)
(1397,42.2593,17.4339)
(1398,42.7547,18.9056)
(1399,42.3003,19.4813)
(1400,42.9726,19.0084)
(1401,42.2302,19.3423)
(1402,42.2833,19.0610)
(1403,42.1358,19.0604)
(1404,43.3043,18.4553)
(1405,42.2961,17.7744)
(1406,41.3607,16.7224)
(1407,41.5653,16.6747)
(1408,42.1534,17.2111)
(1409,40.6535,16.6467)
(1410,41.7546,17.6171)
(1411,41.6835,15.9634)
(1412,42.0910,16.5893)
(1413,42.0178,17.6323)
(1414,41.1066,17.6340)
(1415,40.2991,18.3148)
(1416,41.0432,17.9046)
(1417,41.2779,17.7246)
(1418,39.2792,17.1053)
(1419,33.6776,15.7622)
(1420,42.4930,16.2950)
(1421,41.6922,16.0763)
(1422,43.1692,17.1578)
(1423,43.3857,17.0768)
(1424,43.2809,17.4352)
(1425,43.7005,18.2600)
(1426,43.3618,18.4543)
(1427,42.6448,17.4328)
(1428,43.3941,17.4934)
(1429,42.9189,17.4217)
(1430,38.1647,17.8895)
(1431,42.5821,17.7702)
(1432,40.9660,17.7123)
(1433,42.9826,17.9252)
(1434,43.7577,18.7910)
(1435,43.4811,19.1614)
(1436,44.1468,19.2140)
(1437,43.8731,18.6539)
(1438,44.0598,18.9338)
(1439,43.3935,18.9763)
(1440,42.0114,18.3627)
(1441,43.1338,17.6457)
(1442,42.8975,19.0852)
(1443,40.8165,19.1028)
(1444,43.7315,19.0333)
(1445,44.0071,18.8895)
(1446,44.1997,18.6194)
(1447,43.3950,17.9566)
(1448,43.9116,18.3227)
(1449,43.8435,18.9576)
(1450,44.0564,18.9282)
(1451,44.2023,18.7393)
(1452,43.8355,18.1168)
(1453,44.0173,18.5637)
(1454,44.3093,18.9412)
(1455,43.7106,18.4110)
(1456,43.4829,17.3070)
(1457,43.1442,18.0405)
(1458,43.3507,17.9686)
(1459,43.0399,17.8416)
(1460,42.9911,17.8120)
(1461,43.5235,18.3449)
(1462,43.0288,18.1961)
(1463,42.7332,18.0935)
(1464,43.1221,18.4101)
(1465,43.8966,18.9786)
(1466,42.8404,18.7267)
(1467,43.7211,18.0266)
(1468,43.3246,18.1603)
(1469,43.6576,18.3452)
(1470,39.9578,18.5177)
(1471,43.7550,18.5620)
(1472,43.7547,18.8993)
(1473,43.4974,18.3920)
(1474,42.7073,18.4790)
(1475,43.5010,18.7220)
(1476,43.2079,18.1529)
(1477,43.4451,18.1331)
(1478,42.8829,18.0449)
(1479,43.2838,18.6414)
(1480,43.3472,18.4127)
(1481,41.8652,19.0800)
(1482,43.8675,19.6528)
(1483,43.4589,18.5215)
(1484,43.7656,18.7787)
(1485,43.5706,18.4017)
(1486,42.6031,19.6351)
(1487,43.6053,19.0079)
(1488,43.1246,18.2515)
(1489,43.4161,18.3290)
(1490,43.8363,18.3356)
(1491,43.4854,18.2639)
(1492,43.9165,18.5454)
(1493,44.1420,18.7543)
(1494,43.4360,18.5118)
(1495,43.0365,18.0512)
(1496,43.6557,18.1529)
(1497,43.8008,18.4147)
(1498,43.4976,18.1705)
(1499,43.4822,18.2584)
(1500,43.4523,18.2752)
(1501,43.2357,18.4509)
(1502,43.5228,18.3787)
(1503,39.7321,17.7947)
(1504,42.9785,17.6390)
(1505,42.5844,17.4392)
(1506,42.4880,17.0696)
(1507,42.4459,16.7836)
(1508,42.7494,16.8932)
(1509,42.5972,17.5370)
(1510,35.4214,16.7727)
(1511,43.1904,18.2150)
(1512,43.8808,18.5808)
(1513,43.7647,18.3475)
(1514,38.5342,17.3162)
(1515,43.7300,19.1744)
(1516,39.2704,17.7557)
(1517,43.8733,19.1532)
(1518,42.1638,18.8719)
(1519,42.3312,18.9044)
(1520,39.4003,17.2918)
(1521,43.4739,18.7370)
(1522,40.5761,17.8225)
(1523,39.2331,17.8207)
(1524,40.2886,16.9495)
(1525,40.7941,17.5751)
(1526,41.2447,17.8439)
(1527,41.3739,17.7707)
(1528,40.2964,16.8847)
(1529,40.7425,17.2751)
(1530,41.2178,17.7464)
(1531,40.1292,17.7577)
(1532,40.6871,17.7176)
(1533,40.8023,18.2142)
(1534,38.3706,18.0647)
(1535,39.5213,18.5593)
(1536,39.3149,17.7120)
(1537,40.2915,17.9912)
(1538,39.6293,16.2246)
(1539,39.1270,17.0352)
(1540,39.6298,16.3115)
(1541,39.7165,16.7944)
(1542,42.3237,19.3790)
(1543,42.1107,19.0723)
(1544,41.4377,17.3450)
(1545,42.0315,17.5811)
(1546,41.6171,18.3550)
(1547,39.6380,17.2033)
(1548,40.0236,16.1765)
(1549,39.4669,19.3890)
(1550,38.4915,18.7301)
(1551,38.7311,18.2458)
(1552,39.3030,17.2460)
(1553,37.8990,17.1056)
(1554,39.2032,16.5548)
(1555,38.5096,18.6504)
(1556,38.9776,18.3983)
(1557,39.4634,17.8533)
(1558,39.1000,17.3355)
(1559,40.4371,17.9140)
(1560,40.1915,17.5192)
(1561,40.0767,18.1376)
(1562,38.7868,17.7904)
(1563,39.9719,17.7157)
(1564,39.6262,17.0225)
(1565,40.1662,16.6746)
(1566,40.6469,17.1765)
(1567,39.7920,17.5627)
(1568,39.5630,17.0549)
(1569,40.3478,17.7442)
(1570,39.3746,17.6062)
(1571,38.3385,17.5660)
(1572,39.2394,18.2320)
(1573,40.4703,17.2765)
(1574,39.7540,18.6203)
(1575,40.0322,17.8455)
(1576,39.7326,16.4481)
(1577,40.6968,17.0649)
(1578,41.1490,19.0133)
(1579,41.3203,19.0650)
(1580,40.4275,18.6788)
(1581,40.3008,18.3226)
(1582,40.6279,18.1776)
(1583,41.1642,18.7530)
(1584,40.9809,19.4037)
(1585,38.5306,20.5681)
(1586,37.3835,20.1764)
(1587,38.7181,19.5533)
(1588,39.9486,21.2436)
(1589,36.6859,18.9208)
(1590,36.9964,19.5024)
(1591,35.1172,18.1828)
(1592,36.7191,22.5671)
(1593,35.4281,21.0134)
(1594,37.2159,18.3595)
(1595,40.5851,16.2495)
(1596,40.7503,17.3514)
(1597,40.7044,15.4379)
(1598,41.8446,14.5714)
(1599,33.3071,14.2629)
(1600,39.3213,12.5267)
(1601,39.1784,14.7251)
(1602,40.6104,14.0864)
(1603,37.0641,14.9021)
(1604,36.6650,15.4393)
(1605,39.4959,17.5057)
(1606,37.9859,17.4811)
(1607,39.0298,16.1980)
(1608,41.4843,19.0854)
(1609,40.3241,18.2313)
(1610,42.3665,21.2383)
(1611,39.6802,17.1303)
(1612,41.0140,21.0573)
(1613,37.1727,16.9383)
(1614,37.7037,15.0633)
(1615,37.7692,14.6948)
(1616,35.9360,13.2403)
(1617,35.6393,15.8616)
(1618,36.4409,15.7807)
(1619,37.5260,15.9321)
(1620,37.0733,15.3318)
(1621,36.8027,15.1009)
(1622,36.2953,14.3222)
(1623,36.3343,13.5857)
(1624,35.1821,13.4180)
(1625,35.3713,12.5013)
(1626,35.4016,12.7670)
(1627,35.0319,11.1789)
(1628,35.3911,12.1389)
(1629,34.4642,11.9167)
(1630,34.6716,11.9503)
(1631,34.8590,12.0422)
(1632,34.3986,12.0395)
(1633,34.5711,11.2541)
(1634,34.0120,10.9962)
(1635,34.7193,11.8229)
(1636,33.3755,11.1811)
(1637,34.9303,11.7064)
(1638,34.2442,10.3571)
(1639,34.9339,11.7951)
(1640,34.8315,12.7208)
(1641,33.5988,11.9293)
(1642,34.4241,11.8280)
(1643,33.9552,11.2227)
(1644,33.8734,11.5837)
(1645,34.0392,11.8611)
(1646,34.3590,11.6861)
(1647,34.5338,11.8792)
(1648,34.5913,11.3566)
(1649,34.3878,11.6346)
(1650,34.6126,11.1160)
(1651,34.2799,11.5223)
(1652,34.1256,11.8249)
(1653,34.5681,11.6370)
(1654,33.8917,10.8214)
(1655,33.6996,11.1731)
(1656,32.9786,10.5978)
(1657,33.4108,11.0851)
(1658,33.4655,11.1285)
(1659,33.1211,10.7716)
(1660,33.0000,10.8175)
(1661,33.5671,10.2627)
(1662,33.6691,11.1012)
(1663,33.5112,11.3639)
(1664,33.8613,11.4521)
(1665,33.5140,11.4519)
(1666,33.9297,11.1885)
(1667,33.2916,11.1048)
(1668,33.5243,11.0036)
(1669,33.7463,11.0181)
(1670,33.7712,10.4683)
(1671,33.4039,10.5971)
(1672,33.0592,10.7143)
(1673,33.2242,10.5269)
(1674,32.5490,10.7897)
(1675,32.2366,10.7535)
(1676,32.0490,10.6109)
(1677,33.5557,10.5675)
(1678,33.0896,10.4164)
(1679,33.4024,10.3639)
(1680,33.3945,10.7562)
(1681,33.3495,10.8883)
(1682,31.9937,11.0051)
(1683,34.0363,11.7261)
(1684,33.0719,10.9326)
(1685,33.5042,10.7679)
(1686,33.0333,11.1074)
(1687,33.0619,10.9988)
(1688,32.3968,12.4018)
(1689,33.3562,11.6357)
(1690,32.8339,11.4024)
(1691,32.6543,11.5916)
(1692,32.4839,11.7249)
(1693,32.5410,12.3732)
(1694,33.1441,12.7154)
(1695,32.6481,12.6095)
(1696,32.9779,12.7314)
(1697,33.1286,11.9766)
(1698,31.8423,11.5393)
(1699,33.0289,11.4831)
(1700,32.6643,11.7546)
(1701,33.3545,11.9991)
(1702,32.2270,11.3581)
(1703,31.9354,11.4269)
(1704,32.9091,12.0605)
(1705,33.0897,11.9182)
(1706,33.3526,12.7856)
(1707,32.9670,12.0770)
(1708,32.9983,12.0583)
(1709,33.2816,12.1574)
(1710,33.4377,12.6681)
(1711,33.3317,12.0113)
(1712,32.4941,12.1242)
(1713,33.1239,11.9357)
(1714,33.2786,12.0032)
(1715,33.0660,11.5581)
(1716,32.8047,11.6883)
(1717,32.7858,11.9125)
(1718,32.8701,12.0413)
(1719,32.7554,11.9704)
(1720,32.7884,11.9604)
(1721,33.0693,12.0376)
(1722,32.9635,12.0646)
(1723,32.5361,12.4708)
(1724,33.0127,12.5515)
(1725,32.6694,12.3257)
(1726,32.7788,12.4040)
(1727,32.8260,12.5877)
(1728,32.9407,12.6963)
(1729,33.2344,12.7415)
(1730,33.2752,12.7417)
(1731,33.3333,13.1404)
(1732,33.1731,12.7335)
(1733,33.3659,13.0799)
(1734,33.3495,12.9591)
(1735,33.3609,12.8754)
(1736,32.9230,12.8183)
(1737,33.2182,12.8433)
(1738,33.3090,12.5230)
(1739,33.5346,12.6733)
(1740,33.4061,12.7982)
(1741,33.7199,12.6904)
(1742,33.7259,12.5456)
(1743,33.6171,12.0856)
(1744,33.9834,12.2726)
(1745,33.9031,12.7575)
(1746,33.9290,12.7369)
(1747,33.5217,12.6651)
(1748,33.6621,12.7536)
(1749,33.6107,12.7487)
(1750,33.8296,13.0327)
(1751,33.2102,12.4069)
(1752,33.5621,13.2945)
(1753,33.5727,13.7232)
(1754,34.0522,13.8653)
(1755,33.8350,13.5241)
(1756,33.9222,13.3064)
(1757,34.0558,13.4874)
(1758,34.0098,13.5309)
(1759,33.3253,12.8219)
(1760,33.9921,13.4414)
(1761,33.7018,12.6275)
(1762,34.3197,13.9286)
(1763,33.4796,12.7967)
(1764,34.0873,13.3571)
(1765,33.3704,12.7205)
(1766,33.1807,12.5391)
(1767,34.1241,13.4829)
(1768,33.2579,12.4554)
(1769,33.8813,13.2031)
(1770,33.4645,12.5095)
(1771,33.6243,13.0699)
(1772,34.0354,13.8811)
(1773,33.4087,12.5623)
(1774,34.2545,13.8391)
(1775,33.4576,12.9758)
(1776,33.7924,13.5939)
(1777,34.0256,13.5356)
(1778,34.1247,13.5243)
(1779,33.4058,12.6643)
(1780,33.6290,13.1249)
(1781,33.9510,13.2466)
(1782,33.9321,13.2642)
(1783,32.7861,12.7190)
(1784,33.4429,12.2650)
(1785,33.6285,12.3350)
(1786,33.3719,12.3202)
(1787,33.5865,12.5027)
(1788,33.7626,13.3191)
(1789,33.3799,12.4105)
(1790,34.0320,13.4387)
(1791,34.1798,13.2037)
(1792,33.4893,12.3934)
(1793,33.9533,13.5449)
(1794,33.4859,12.4269)
(1795,33.8199,13.1395)
(1796,33.2947,12.3328)
(1797,34.1802,13.0402)
(1798,33.1206,12.1265)
(1799,34.0968,12.5798)
(1800,33.8118,12.7346)
(1801,33.1060,12.0927)
(1802,33.7062,13.1948)
(1803,33.6110,12.7437)
(1804,33.7189,12.7599)
(1805,32.8881,12.2042)
(1806,33.6676,13.0078)
(1807,33.6620,12.4779)
(1808,33.2863,12.4315)
(1809,32.1693,12.1122)
(1810,33.6003,12.7353)
(1811,33.5533,13.5375)
(1812,33.2168,13.3355)
(1813,33.9603,14.2624)
(1814,32.7817,12.5621)
(1815,31.6122,12.3062)
(1816,34.5577,15.5245)
(1817,32.9597,13.9357)
(1818,33.1447,14.0742)
(1819,31.0629,12.1133)
(1820,32.0586,12.3912)
(1821,32.2824,12.1321)
(1822,31.5617,12.1195)
(1823,31.8827,12.3216)
(1824,31.5777,12.3678)
(1825,32.8099,12.4281)
(1826,31.8107,12.3835)
(1827,30.5580,12.2401)
(1828,30.0010,12.3335)
(1829,30.2361,12.1644)
(1830,30.9822,12.3200)
(1831,30.1264,11.7840)
(1832,31.1310,12.4000)
(1833,31.4758,13.3461)
(1834,32.0402,13.0109)
(1835,31.9866,13.3945)
(1836,31.3896,13.4034)
(1837,31.1575,13.1272)
(1838,31.6791,13.0884)
(1839,32.2380,13.5717)
(1840,32.1517,13.0789)
(1841,30.9807,12.2483)
(1842,30.6783,12.7118)
(1843,33.0360,13.5567)
(1844,33.6045,14.2528)
(1845,33.7123,14.6264)
(1846,33.5234,13.5062)
(1847,32.8289,13.4866)
(1848,31.6729,12.2958)
(1849,31.0138,12.4252)
(1850,31.1852,12.4595)
(1851,31.1200,12.5494)
(1852,31.7934,12.5474)
(1853,31.2056,12.5197)
(1854,30.6545,12.6082)
(1855,30.5281,12.1764)
(1856,31.1142,12.6275)
(1857,33.4884,13.3728)
(1858,30.3632,12.0861)
(1859,29.5610,11.7482)
(1860,29.2339,11.8261)
(1861,29.3860,12.1354)
(1862,30.3499,12.3832)
(1863,33.4072,13.3153)
(1864,30.2238,12.4818)
(1865,30.2497,12.6624)
(1866,30.4451,12.4388)
(1867,31.1377,12.7899)
(1868,30.2449,12.2586)
(1869,32.7754,12.7666)
(1870,30.0437,12.4752)
(1871,31.1286,12.6674)
(1872,30.9978,12.7102)
(1873,33.2402,13.4812)
(1874,33.5668,13.4762)
(1875,33.1180,13.3856)
(1876,33.3413,13.6641)
(1877,32.9776,13.5184)
(1878,33.1420,13.4565)
(1879,32.6937,13.5082)
(1880,32.5813,13.4049)
(1881,32.8553,13.4277)
(1882,32.5334,13.3561)
(1883,32.9630,13.5112)
(1884,33.2212,13.4335)
(1885,33.7356,13.2791)
(1886,33.3173,13.1888)
(1887,32.3812,13.0271)
(1888,32.1235,13.3297)
(1889,33.1906,13.1361)
(1890,32.1974,12.7992)
(1891,33.0480,13.2403)
(1892,32.3123,13.1273)
(1893,32.2329,13.2856)
(1894,32.7233,13.0613)
(1895,31.9547,13.4305)
(1896,32.4308,13.3449)
(1897,32.0625,13.0848)
(1898,31.4824,12.7613)
(1899,30.2886,12.1400)
(1900,31.2004,12.4302)
(1901,29.8868,12.1012)
(1902,29.4292,12.2122)
(1903,29.7259,12.2140)
(1904,29.3143,11.6955)
(1905,30.7448,11.6257)
(1906,29.6012,11.3136)
(1907,30.2811,11.5680)
(1908,29.2216,10.9931)
(1909,31.5453,11.8587)
(1910,29.5586,11.3781)
(1911,32.5219,13.1452)
(1912,32.1225,13.3045)
(1913,32.2189,13.6373)
(1914,32.3240,13.8871)
(1915,32.2388,13.9356)
(1916,32.0833,14.0906)
(1917,32.4496,14.2404)
(1918,32.3902,14.3883)
(1919,31.8511,13.8553)
(1920,30.4672,11.7702)
(1921,31.1168,11.9607)
(1922,31.2198,11.5767)
(1923,29.8499,11.4632)
(1924,31.2362,11.9987)
(1925,30.3532,11.8630)
(1926,30.3439,11.8908)
(1927,31.1530,12.0124)
(1928,30.6901,12.2403)
(1929,30.8789,12.3940)
(1930,32.2225,12.4765)
(1931,31.9511,12.6891)
(1932,29.3503,11.6136)
(1933,30.5277,11.7873)
(1934,30.2634,12.2268)
(1935,31.4006,12.1571)
(1936,29.6175,12.0744)
(1937,31.6350,11.9307)
(1938,32.0419,11.6361)
(1939,32.5206,11.3757)
(1940,31.2613,11.6703)
(1941,31.9337,12.3572)
(1942,32.2109,12.2573)
(1943,30.0488,11.7963)
(1944,31.9067,12.4379)
(1945,31.7830,11.8771)
(1946,32.1789,12.3808)
(1947,32.1779,12.0747)
(1948,29.9297,11.1053)
(1949,31.9808,11.3756)
(1950,31.5649,10.9645)
(1951,32.2023,11.0154)
(1952,32.2670,11.2488)
(1953,31.5106,11.4074)
(1954,31.2878,11.5853)
(1955,29.9442,11.7555)
(1956,31.8236,12.1718)
(1957,30.3781,12.0384)
(1958,33.2365,13.0412)
(1959,34.9713,18.9655)
(1960,37.9629,20.5144)
(1961,40.4584,22.0389)
(1962,37.7168,21.6351)
(1963,39.8169,20.8209)
(1964,40.7847,22.6276)
(1965,37.2516,19.9828)
(1966,30.3152,17.2980)
(1967,34.4962,20.3885)
(1968,37.4070,21.2251)
(1969,34.7234,19.4834)
(1970,36.5620,19.8723)
(1971,39.1622,19.1800)
(1972,33.3013,16.9364)
(1973,35.9240,17.0207)
(1974,32.7174,18.7415)
(1975,32.0691,17.4503)
(1976,32.4370,15.2040)
(1977,35.7617,15.2495)
(1978,36.5874,17.8510)
(1979,36.2544,15.9548)
