(1,100)
(2,18.75)
(3,31.25)
(4,17.96875)
(5,10.15625)
(6,23.4375)
(7,18.75)
(8,17.1875)
(9,18.75)
(10,18.75)
(11,17.96875)
(12,19.53125)
(13,14.0625)
(14,16.40625)
(15,18.75)
(16,19.53125)
(17,18.75)
(18,18.75)
(19,17.96875)
(20,18.75)
(21,17.96875)
(22,17.96875)
(23,19.53125)
(24,11.71875)
(25,16.40625)
(26,17.1875)
(27,14.84375)
(28,14.84375)
(29,15.625)
(30,14.84375)
(31,14.0625)
(32,17.1875)
(33,16.40625)
(34,14.0625)
(35,20.3125)
(36,14.0625)
(37,20.3125)
(38,20.3125)
(39,20.3125)
(40,20.3125)
(41,20.3125)
(42,16.40625)
(43,19.53125)
(44,18.75)
(45,23.4375)
(46,28.90625)
(47,21.09375)
(48,21.09375)
(49,18.75)
(50,19.53125)
(51,23.4375)
(52,21.09375)
(53,18.75)
(54,21.09375)
(55,22.65625)
(56,23.4375)
(57,25.78125)
(58,21.09375)
(59,22.65625)
(60,27.34375)
(61,30.46875)
(62,25.0)
(63,24.21875)
(64,19.53125)
(65,21.875)
(66,20.3125)
(67,26.5625)
(68,21.09375)
(69,24.21875)
(70,22.65625)
(71,25.78125)
(72,24.21875)
(73,21.875)
(74,18.75)
(75,17.96875)
(76,17.96875)
(77,18.75)
(78,18.75)
(79,15.625)
(80,14.0625)
(81,15.625)
(82,15.625)
(83,29.6875)
(84,14.84375)
(85,14.0625)
(86,26.5625)
(87,26.5625)
(88,32.03125)
(89,32.8125)
(90,32.03125)
(91,32.03125)
(92,30.46875)
(93,20.3125)
(94,25.78125)
(95,28.125)
(96,28.125)
(97,21.875)
(98,30.46875)
(99,31.25)
(100,37.5)
(101,36.71875)
(102,38.28125)
(103,38.28125)
(104,36.71875)
(105,28.90625)
(106,33.59375)
(107,31.25)
(108,31.25)
(109,34.375)
(110,35.15625)
(111,35.9375)
(112,32.03125)
(113,28.125)
(114,37.5)
(115,35.15625)
(116,37.5)
(117,36.71875)
(118,37.5)
(119,35.9375)
(120,36.71875)
(121,39.0625)
(122,39.84375)
(123,39.0625)
(124,40.625)
(125,42.1875)
(126,44.53125)
(127,36.71875)
(128,46.875)
(129,35.9375)
(130,35.9375)
(131,42.96875)
(132,40.625)
(133,36.71875)
(134,35.9375)
(135,36.71875)
(136,37.5)
(137,36.71875)
(138,35.9375)
(139,36.71875)
(140,36.71875)
(141,28.90625)
(142,26.5625)
(143,37.5)
(144,36.71875)
(145,38.28125)
(146,39.84375)
(147,39.0625)
(148,43.75)
(149,41.40625)
(150,39.84375)
(151,43.75)
(152,45.3125)
(153,45.3125)
(154,34.375)
(155,35.15625)
(156,40.625)
(157,35.9375)
(158,40.625)
(159,34.375)
(160,36.71875)
(161,36.71875)
(162,32.03125)
(163,38.28125)
(164,39.0625)
(165,40.625)
(166,41.40625)
(167,44.53125)
(168,39.84375)
(169,39.84375)
(170,38.28125)
(171,36.71875)
(172,35.15625)
(173,35.9375)
(174,37.5)
(175,38.28125)
(176,39.84375)
(177,36.71875)
(178,37.5)
(179,35.9375)
(180,35.15625)
(181,34.375)
(182,32.8125)
(183,37.5)
(184,39.84375)
(185,38.28125)
(186,40.625)
(187,41.40625)
(188,40.625)
(189,38.28125)
(190,35.15625)
(191,38.28125)
(192,40.625)
(193,39.0625)
(194,38.28125)
(195,38.28125)
(196,39.0625)
(197,39.84375)
(198,39.0625)
(199,41.40625)
(200,40.625)
(201,40.625)
(202,35.15625)
(203,27.34375)
(204,26.5625)
(205,40.625)
(206,35.9375)
(207,33.59375)
(208,35.9375)
(209,37.5)
(210,41.40625)
(211,44.53125)
(212,44.53125)
(213,36.71875)
(214,38.28125)
(215,39.0625)
(216,38.28125)
(217,39.84375)
(218,36.71875)
(219,34.375)
(220,28.90625)
(221,35.15625)
(222,36.71875)
(223,28.125)
(224,28.125)
(225,35.9375)
(226,30.46875)
(227,34.375)
(228,31.25)
(229,33.59375)
(230,27.34375)
(231,32.8125)
(232,24.21875)
(233,32.03125)
(234,28.90625)
(235,28.90625)
(236,28.90625)
(237,29.6875)
(238,28.90625)
(239,29.6875)
(240,26.5625)
(241,29.6875)
(242,21.875)
(243,32.8125)
(244,27.34375)
(245,32.03125)
(246,28.125)
(247,30.46875)
(248,32.03125)
(249,28.90625)
(250,24.21875)
(251,30.46875)
(252,29.6875)
(253,30.46875)
(254,33.59375)
(255,32.03125)
(256,29.6875)
(257,32.03125)
(258,32.03125)
(259,28.90625)
(260,11.71875)
(261,17.1875)
(262,14.0625)
(263,42.1875)
(264,41.40625)
(265,21.875)
(266,39.84375)
(267,21.875)
(268,21.875)
(269,21.875)
(270,20.3125)
(271,27.34375)
(272,29.6875)
(273,29.6875)
(274,29.6875)
(275,28.90625)
(276,31.25)
(277,32.03125)
(278,29.6875)
(279,28.90625)
(280,27.34375)
(281,28.125)
(282,28.125)
(283,24.21875)
(284,19.53125)
(285,15.625)
(286,10.9375)
(287,21.875)
(288,26.5625)
(289,29.6875)
(290,29.6875)
(291,29.6875)
(292,30.46875)
(293,32.8125)
(294,32.03125)
(295,22.65625)
(296,43.75)
(297,30.46875)
(298,26.5625)
(299,33.59375)
(300,26.5625)
(301,32.03125)
(302,32.8125)
(303,26.5625)
(304,30.46875)
(305,28.125)
(306,29.6875)
(307,30.46875)
(308,28.125)
(309,16.40625)
(310,22.65625)
(311,22.65625)
(312,17.1875)
(313,10.9375)
(314,28.125)
(315,32.03125)
(316,5.46875)
(317,20.3125)
(318,4.6875)
(319,27.34375)
(320,27.34375)
(321,27.34375)
(322,17.96875)
(323,21.875)
(324,27.34375)
(325,24.21875)
(326,17.96875)
(327,22.65625)
(328,4.6875)
(329,17.96875)
(330,17.1875)
(331,17.1875)
(332,22.65625)
(333,11.71875)
(334,25.0)
(335,26.5625)
(336,25.0)
(337,21.875)
(338,14.0625)
(339,5.46875)
(340,21.875)
(341,27.34375)
(342,18.75)
(343,29.6875)
(344,26.5625)
(345,25.78125)
(346,25.0)
(347,21.875)
(348,21.875)
(349,24.21875)
(350,17.96875)
(351,15.625)
(352,15.625)
(353,17.96875)
(354,10.15625)
(355,14.0625)
(356,18.75)
(357,20.3125)
(358,25.0)
(359,30.46875)
(360,33.59375)
(361,32.8125)
(362,28.90625)
(363,33.59375)
(364,33.59375)
(365,34.375)
(366,35.15625)
(367,27.34375)
(368,21.09375)
(369,32.03125)
(370,31.25)
(371,27.34375)
(372,26.5625)
(373,25.78125)
(374,30.46875)
(375,31.25)
(376,25.78125)
(377,28.125)
(378,21.875)
(379,36.71875)
(380,24.21875)
(381,17.1875)
(382,35.9375)
(383,35.9375)
(384,36.71875)
(385,34.375)
(386,33.59375)
(387,28.125)
(388,32.8125)
(389,35.15625)
(390,35.9375)
(391,34.375)
(392,32.8125)
(393,30.46875)
(394,25.0)
(395,16.40625)
(396,16.40625)
(397,17.96875)
(398,20.3125)
(399,21.09375)
(400,20.3125)
(401,17.1875)
(402,21.09375)
(403,24.21875)
(404,29.6875)
(405,35.9375)
(406,38.28125)
(407,36.71875)
(408,37.5)
(409,38.28125)
(410,38.28125)
(411,34.375)
(412,37.5)
(413,39.0625)
(414,39.84375)
(415,40.625)
(416,42.1875)
(417,34.375)
(418,32.8125)
(419,42.1875)
(420,28.125)
(421,41.40625)
(422,40.625)
(423,42.96875)
(424,42.1875)
(425,40.625)
(426,38.28125)
(427,21.875)
(428,24.21875)
(429,36.71875)
(430,22.65625)
(431,38.28125)
(432,25.0)
(433,39.84375)
(434,40.625)
(435,25.78125)
(436,39.0625)
(437,28.90625)
(438,37.5)
(439,37.5)
(440,36.71875)
(441,35.9375)
(442,37.5)
(443,36.71875)
(444,35.9375)
(445,35.9375)
(446,35.9375)
(447,35.15625)
(448,35.15625)
(449,36.71875)
(450,35.9375)
(451,36.71875)
(452,37.5)
(453,37.5)
(454,37.5)
(455,36.71875)
(456,35.15625)
(457,35.9375)
(458,35.9375)
(459,35.9375)
(460,29.6875)
(461,36.71875)
(462,28.90625)
(463,27.34375)
(464,34.375)
(465,35.9375)
(466,35.15625)
(467,35.15625)
(468,34.375)
(469,28.125)
(470,35.15625)
(471,26.5625)
(472,35.15625)
(473,35.9375)
(474,35.15625)
(475,28.125)
(476,35.15625)
(477,33.59375)
(478,34.375)
(479,28.90625)
(480,35.9375)
(481,35.15625)
(482,35.15625)
(483,34.375)
(484,34.375)
(485,35.15625)
(486,35.15625)
(487,34.375)
(488,34.375)
(489,34.375)
(490,34.375)
(491,34.375)
(492,34.375)
(493,35.9375)
(494,34.375)
(495,35.15625)
(496,35.15625)
(497,34.375)
(498,34.375)
(499,34.375)
(500,34.375)
(501,34.375)
(502,34.375)
(503,34.375)
(504,34.375)
(505,34.375)
(506,34.375)
(507,34.375)
(508,36.71875)
(509,35.9375)
(510,37.5)
(511,35.9375)
(512,35.9375)
(513,35.15625)
(514,33.59375)
(515,33.59375)
(516,33.59375)
(517,34.375)
(518,34.375)
(519,35.15625)
(520,35.9375)
(521,36.71875)
(522,35.9375)
(523,35.9375)
(524,35.9375)
(525,36.71875)
(526,36.71875)
(527,37.5)
(528,31.25)
(529,30.46875)
(530,28.90625)
(531,25.78125)
(532,19.53125)
(533,21.09375)
(534,32.8125)
(535,33.59375)
(536,35.9375)
(537,32.8125)
(538,36.71875)
(539,35.15625)
(540,35.9375)
(541,36.71875)
(542,37.5)
(543,35.9375)
(544,35.15625)
(545,36.71875)
(546,36.71875)
(547,37.5)
(548,37.5)
(549,36.71875)
(550,37.5)
(551,36.71875)
(552,35.9375)
(553,35.15625)
(554,35.15625)
(555,33.59375)
(556,32.8125)
(557,21.875)
(558,16.40625)
(559,16.40625)
(560,15.625)
(561,35.9375)
(562,17.96875)
(563,35.15625)
(564,33.59375)
(565,32.03125)
(566,30.46875)
(567,29.6875)
(568,30.46875)
(569,28.90625)
(570,27.34375)
(571,29.6875)
(572,28.125)
(573,22.65625)
(574,23.4375)
(575,20.3125)
(576,26.5625)
(577,27.34375)
(578,32.8125)
(579,33.59375)
(580,31.25)
(581,28.125)
(582,30.46875)
(583,31.25)
(584,32.03125)
(585,31.25)
(586,10.9375)
(587,25.0)
(588,28.125)
(589,28.125)
(590,25.78125)
(591,27.34375)
(592,25.0)
(593,12.5)
(594,9.375)
(595,12.5)
(596,24.21875)
(597,12.5)
(598,17.96875)
(599,11.71875)
(600,27.34375)
(601,17.96875)
(602,3.90625)
(603,26.5625)
(604,25.78125)
(605,14.84375)
(606,17.96875)
(607,34.375)
(608,39.84375)
(609,40.625)
(610,39.84375)
(611,31.25)
(612,36.71875)
(613,43.75)
(614,45.3125)
(615,44.53125)
(616,38.28125)
(617,38.28125)
(618,38.28125)
(619,40.625)
(620,43.75)
(621,42.1875)
(622,40.625)
(623,37.5)
(624,36.71875)
(625,35.9375)
(626,35.9375)
(627,40.625)
(628,42.1875)
(629,40.625)
(630,33.59375)
(631,39.84375)
(632,31.25)
(633,38.28125)
(634,34.375)
(635,39.84375)
(636,38.28125)
(637,35.9375)
(638,37.5)
(639,37.5)
(640,34.375)
(641,34.375)
(642,39.0625)
(643,18.75)
(644,39.0625)
(645,12.5)
(646,34.375)
(647,10.15625)
(648,35.15625)
(649,1.5625)
(650,35.15625)
(651,19.53125)
(652,35.15625)
(653,16.40625)
(654,17.96875)
(655,21.875)
(656,14.84375)
(657,40.625)
(658,14.0625)
(659,18.75)
(660,43.75)
(661,44.53125)
(662,18.75)
(663,23.4375)
(664,30.46875)
(665,24.21875)
(666,27.34375)
(667,30.46875)
(668,34.375)
(669,32.03125)
(670,40.625)
(671,38.28125)
(672,36.71875)
(673,37.5)
(674,38.28125)
(675,37.5)
(676,37.5)
(677,32.03125)
(678,37.5)
(679,32.03125)
(680,37.5)
(681,36.71875)
(682,36.71875)
(683,34.375)
(684,35.9375)
(685,35.15625)
(686,30.46875)
(687,32.03125)
(688,32.03125)
(689,27.34375)
(690,28.125)
(691,29.6875)
(692,11.71875)
(693,30.46875)
(694,30.46875)
(695,29.6875)
(696,12.5)
(697,14.0625)
(698,29.6875)
(699,32.8125)
(700,35.9375)
(701,35.15625)
(702,35.15625)
(703,31.25)
(704,30.46875)
(705,32.03125)
(706,32.03125)
(707,32.03125)
(708,33.59375)
(709,35.9375)
(710,31.25)
(711,34.375)
(712,34.375)
(713,35.15625)
(714,32.03125)
(715,28.125)
(716,29.6875)
(717,30.46875)
(718,27.34375)
(719,25.0)
(720,28.125)
(721,28.125)
(722,26.5625)
(723,28.90625)
(724,17.1875)
(725,23.4375)
(726,19.53125)
(727,29.6875)
(728,32.03125)
(729,17.1875)
(730,17.1875)
(731,17.96875)
(732,19.53125)
(733,21.09375)
(734,7.8125)
(735,22.65625)
(736,18.75)
(737,29.6875)
(738,17.1875)
(739,42.96875)
(740,30.46875)
(741,25.0)
(742,25.78125)
(743,28.90625)
(744,32.8125)
(745,36.71875)
(746,33.59375)
(747,35.15625)
(748,31.25)
(749,35.9375)
(750,35.15625)
(751,32.03125)
(752,35.9375)
(753,17.1875)
(754,32.03125)
(755,37.5)
(756,30.46875)
(757,23.4375)
(758,24.21875)
(759,28.90625)
(760,28.125)
(761,32.8125)
(762,44.53125)
(763,46.875)
(764,17.1875)
(765,46.09375)
(766,32.8125)
(767,24.21875)
(768,22.65625)
(769,51.5625)
(770,25.78125)
(771,48.4375)
(772,26.5625)
(773,28.125)
(774,28.125)
(775,32.8125)
(776,11.71875)
(777,11.71875)
(778,13.28125)
(779,15.625)
(780,20.3125)
(781,21.875)
(782,10.15625)
(783,14.84375)
(784,32.8125)
(785,13.28125)
(786,14.84375)
(787,14.84375)
(788,9.375)
(789,10.15625)
(790,14.84375)
(791,14.0625)
(792,11.71875)
(793,9.375)
(794,9.375)
(795,9.375)
(796,10.9375)
(797,14.84375)
(798,12.5)
(799,14.0625)
(800,12.5)
(801,14.0625)
(802,10.9375)
(803,17.96875)
(804,23.4375)
(805,19.53125)
(806,18.75)
(807,15.625)
(808,24.21875)
(809,20.3125)
(810,21.09375)
(811,18.75)
(812,19.53125)
(813,19.53125)
(814,14.0625)
(815,14.84375)
(816,20.3125)
(817,10.15625)
(818,14.0625)
(819,13.28125)
(820,20.3125)
(821,29.6875)
(822,35.15625)
(823,35.15625)
(824,32.03125)
(825,33.59375)
(826,33.59375)
(827,33.59375)
(828,32.03125)
(829,32.8125)
(830,28.90625)
(831,30.46875)
(832,32.8125)
(833,25.0)
(834,25.78125)
(835,25.78125)
(836,21.09375)
(837,22.65625)
(838,24.21875)
(839,24.21875)
(840,26.5625)
(841,19.53125)
(842,37.5)
(843,34.375)
(844,36.71875)
(845,35.15625)
(846,32.8125)
(847,35.15625)
(848,34.375)
(849,32.03125)
(850,32.03125)
(851,31.25)
(852,31.25)
(853,32.03125)
(854,33.59375)
(855,32.03125)
(856,34.375)
(857,34.375)
(858,39.84375)
(859,39.84375)
(860,37.5)
(861,41.40625)
(862,39.0625)
(863,28.90625)
(864,35.9375)
(865,35.15625)
(866,37.5)
(867,33.59375)
(868,32.8125)
(869,33.59375)
(870,32.8125)
(871,32.8125)
(872,24.21875)
(873,34.375)
(874,28.90625)
(875,35.9375)
(876,38.28125)
(877,40.625)
(878,39.84375)
(879,38.28125)
(880,34.375)
(881,33.59375)
(882,32.03125)
(883,32.03125)
(884,36.71875)
(885,35.15625)
(886,33.59375)
(887,28.125)
(888,18.75)
(889,18.75)
(890,18.75)
(891,21.875)
(892,21.09375)
(893,22.65625)
(894,35.9375)
(895,35.9375)
(896,36.71875)
(897,38.28125)
(898,39.0625)
(899,39.0625)
(900,25.78125)
(901,38.28125)
(902,39.84375)
(903,34.375)
(904,32.8125)
(905,36.71875)
(906,39.0625)
(907,39.0625)
(908,23.4375)
(909,39.0625)
(910,21.875)
(911,39.0625)
(912,17.1875)
(913,35.9375)
(914,36.71875)
(915,36.71875)
(916,35.15625)
(917,32.8125)
(918,33.59375)
(919,33.59375)
(920,34.375)
(921,34.375)
(922,32.8125)
(923,36.71875)
(924,35.15625)
(925,32.8125)
(926,32.8125)
(927,38.28125)
(928,37.5)
(929,36.71875)
(930,35.15625)
(931,35.15625)
(932,35.15625)
(933,32.03125)
(934,32.03125)
(935,32.03125)
(936,33.59375)
(937,35.15625)
(938,33.59375)
(939,32.03125)
(940,31.25)
(941,32.03125)
(942,35.9375)
(943,37.5)
(944,39.0625)
(945,37.5)
(946,37.5)
(947,37.5)
(948,34.375)
(949,35.15625)
(950,33.59375)
(951,32.8125)
(952,34.375)
(953,33.59375)
(954,35.15625)
(955,33.59375)
(956,35.15625)
(957,35.15625)
(958,35.9375)
(959,34.375)
(960,32.8125)
(961,32.03125)
(962,28.125)
(963,29.6875)
(964,32.03125)
(965,32.03125)
(966,32.8125)
(967,32.03125)
(968,32.8125)
(969,32.03125)
(970,32.03125)
(971,33.59375)
(972,32.8125)
(973,34.375)
(974,34.375)
(975,34.375)
(976,33.59375)
(977,33.59375)
(978,30.46875)
(979,29.6875)
(980,29.6875)
(981,30.46875)
(982,30.46875)
(983,31.25)
(984,27.34375)
(985,26.5625)
(986,26.5625)
(987,24.21875)
(988,24.21875)
(989,25.78125)
(990,24.21875)
(991,24.21875)
(992,25.0)
(993,25.0)
(994,25.0)
(995,25.0)
(996,20.3125)
(997,16.40625)
(998,19.53125)
(999,21.09375)
(1000,16.40625)
(1001,17.96875)
(1002,26.5625)
(1003,26.5625)
(1004,27.34375)
(1005,25.0)
(1006,25.0)
(1007,25.0)
(1008,25.0)
(1009,25.78125)
(1010,25.78125)
(1011,19.53125)
(1012,25.0)
(1013,24.21875)
(1014,21.875)
(1015,16.40625)
(1016,13.28125)
(1017,11.71875)
(1018,12.5)
(1019,27.34375)
(1020,22.65625)
(1021,21.875)
(1022,22.65625)
(1023,22.65625)
(1024,24.21875)
(1025,24.21875)
(1026,27.34375)
(1027,23.4375)
(1028,24.21875)
(1029,25.78125)
(1030,24.21875)
(1031,28.125)
(1032,25.0)
(1033,25.0)
(1034,27.34375)
(1035,24.21875)
(1036,21.875)
(1037,23.4375)
(1038,17.1875)
(1039,23.4375)
(1040,21.09375)
(1041,23.4375)
(1042,21.875)
(1043,14.84375)
(1044,23.4375)
(1045,17.96875)
(1046,22.65625)
(1047,25.78125)
(1048,19.53125)
(1049,26.5625)
(1050,29.6875)
(1051,29.6875)
(1052,31.25)
(1053,32.03125)
(1054,27.34375)
(1055,25.78125)
(1056,28.125)
(1057,29.6875)
(1058,31.25)
(1059,26.5625)
(1060,22.65625)
(1061,20.3125)
(1062,19.53125)
(1063,31.25)
(1064,28.125)
(1065,27.34375)
(1066,30.46875)
(1067,30.46875)
(1068,32.03125)
(1069,19.53125)
(1070,35.9375)
(1071,29.6875)
(1072,32.03125)
(1073,31.25)
(1074,29.6875)
(1075,32.8125)
(1076,25.78125)
(1077,28.90625)
(1078,31.25)
(1079,32.8125)
(1080,32.03125)
(1081,27.34375)
(1082,25.0)
(1083,12.5)
(1084,32.8125)
(1085,29.6875)
(1086,27.34375)
(1087,28.90625)
(1088,30.46875)
(1089,32.03125)
(1090,25.0)
(1091,26.5625)
(1092,27.34375)
(1093,26.5625)
(1094,26.5625)
(1095,28.125)
(1096,14.0625)
(1097,26.5625)
(1098,32.03125)
(1099,30.46875)
(1100,29.6875)
(1101,23.4375)
(1102,30.46875)
(1103,32.03125)
(1104,26.5625)
(1105,22.65625)
(1106,21.875)
(1107,22.65625)
(1108,19.53125)
(1109,15.625)
(1110,27.34375)
(1111,18.75)
(1112,20.3125)
(1113,12.5)
(1114,14.84375)
(1115,13.28125)
(1116,14.0625)
(1117,15.625)
(1118,13.28125)
(1119,16.40625)
(1120,14.0625)
(1121,27.34375)
(1122,26.5625)
(1123,24.21875)
(1124,21.09375)
(1125,21.875)
(1126,26.5625)
(1127,26.5625)
(1128,22.65625)
(1129,14.84375)
(1130,11.71875)
(1131,18.75)
(1132,22.65625)
(1133,15.625)
(1134,20.3125)
(1135,25.0)
(1136,18.75)
(1137,15.625)
(1138,18.75)
(1139,16.40625)
(1140,16.40625)
(1141,19.53125)
(1142,16.40625)
(1143,14.0625)
(1144,17.96875)
(1145,20.3125)
(1146,21.09375)
(1147,14.0625)
(1148,14.0625)
(1149,14.84375)
(1150,14.0625)
(1151,14.0625)
(1152,15.625)
(1153,14.84375)
(1154,19.53125)
(1155,17.1875)
(1156,17.1875)
(1157,15.625)
(1158,21.09375)
(1159,14.84375)
(1160,16.40625)
(1161,18.75)
(1162,15.625)
(1163,16.40625)
(1164,21.09375)
(1165,15.625)
(1166,24.21875)
(1167,17.1875)
(1168,21.875)
(1169,14.84375)
(1170,15.625)
(1171,24.21875)
(1172,21.875)
(1173,14.84375)
(1174,18.75)
(1175,21.875)
(1176,14.0625)
(1177,24.21875)
(1178,24.21875)
(1179,24.21875)
(1180,21.875)
(1181,14.84375)
(1182,30.46875)
(1183,28.90625)
(1184,26.5625)
(1185,25.0)
(1186,24.21875)
(1187,25.0)
(1188,28.90625)
(1189,27.34375)
(1190,24.21875)
(1191,21.875)
(1192,14.84375)
(1193,26.5625)
(1194,14.0625)
(1195,26.5625)
(1196,21.09375)
(1197,14.84375)
(1198,17.1875)
(1199,26.5625)
(1200,8.59375)
(1201,16.40625)
(1202,14.84375)
(1203,16.40625)
(1204,24.21875)
(1205,21.875)
(1206,14.84375)
(1207,26.5625)
(1208,25.78125)
(1209,17.1875)
(1210,22.65625)
(1211,21.875)
(1212,26.5625)
(1213,26.5625)
(1214,26.5625)
(1215,26.5625)
(1216,28.90625)
(1217,12.5)
(1218,20.3125)
(1219,19.53125)
(1220,13.28125)
(1221,10.9375)
(1222,12.5)
(1223,13.28125)
(1224,14.0625)
(1225,14.84375)
(1226,10.9375)
(1227,10.15625)
(1228,25.78125)
(1229,12.5)
(1230,14.0625)
(1231,12.5)
(1232,16.40625)
(1233,12.5)
(1234,5.46875)
(1235,35.9375)
(1236,35.15625)
(1237,35.15625)
(1238,36.71875)
(1239,37.5)
(1240,36.71875)
(1241,36.71875)
(1242,37.5)
(1243,32.03125)
(1244,31.25)
(1245,32.03125)
(1246,31.25)
(1247,29.6875)
(1248,28.90625)
(1249,28.90625)
(1250,29.6875)
(1251,43.75)
(1252,28.90625)
(1253,28.125)
(1254,32.8125)
(1255,30.46875)
(1256,35.15625)
(1257,34.375)
(1258,36.71875)
(1259,29.6875)
(1260,39.0625)
(1261,30.46875)
(1262,35.15625)
(1263,32.8125)
(1264,27.34375)
(1265,28.90625)
(1266,33.59375)
(1267,42.1875)
(1268,40.625)
(1269,46.09375)
(1270,36.71875)
(1271,37.5)
(1272,39.0625)
(1273,34.375)
(1274,35.15625)
(1275,34.375)
(1276,34.375)
(1277,35.15625)
(1278,32.8125)
(1279,32.8125)
(1280,32.8125)
(1281,24.21875)
(1282,30.46875)
(1283,35.15625)
(1284,32.8125)
(1285,31.25)
(1286,31.25)
(1287,32.03125)
(1288,28.125)
(1289,32.03125)
(1290,32.03125)
(1291,32.8125)
(1292,33.59375)
(1293,27.34375)
(1294,34.375)
(1295,32.8125)
(1296,35.15625)
(1297,37.5)
(1298,35.15625)
(1299,35.9375)
(1300,29.6875)
(1301,39.0625)
(1302,37.5)
(1303,38.28125)
(1304,38.28125)
(1305,39.0625)
(1306,37.5)
(1307,38.28125)
(1308,37.5)
(1309,39.0625)
(1310,38.28125)
(1311,35.9375)
(1312,36.71875)
(1313,35.9375)
(1314,35.15625)
(1315,36.71875)
(1316,36.71875)
(1317,36.71875)
(1318,35.9375)
(1319,36.71875)
(1320,36.71875)
(1321,36.71875)
(1322,35.9375)
(1323,35.9375)
(1324,35.15625)
(1325,36.71875)
(1326,35.9375)
(1327,36.71875)
(1328,37.5)
(1329,37.5)
(1330,37.5)
(1331,36.71875)
(1332,38.28125)
(1333,38.28125)
(1334,37.5)
(1335,36.71875)
(1336,38.28125)
(1337,37.5)
(1338,37.5)
(1339,37.5)
(1340,37.5)
(1341,37.5)
(1342,37.5)
(1343,37.5)
(1344,36.71875)
(1345,35.9375)
(1346,35.9375)
(1347,35.9375)
(1348,35.9375)
(1349,36.71875)
(1350,36.71875)
(1351,35.9375)
(1352,35.9375)
(1353,36.71875)
(1354,35.9375)
(1355,36.71875)
(1356,36.71875)
(1357,36.71875)
(1358,36.71875)
(1359,36.71875)
(1360,37.5)
(1361,37.5)
(1362,38.28125)
(1363,38.28125)
(1364,38.28125)
(1365,36.71875)
(1366,35.9375)
(1367,35.9375)
(1368,35.9375)
(1369,35.9375)
(1370,35.9375)
(1371,34.375)
(1372,34.375)
(1373,34.375)
(1374,33.59375)
(1375,32.8125)
(1376,33.59375)
(1377,33.59375)
(1378,33.59375)
(1379,32.8125)
(1380,32.8125)
(1381,33.59375)
(1382,32.8125)
(1383,32.03125)
(1384,32.8125)
(1385,32.8125)
(1386,33.59375)
(1387,33.59375)
(1388,35.15625)
(1389,33.59375)
(1390,35.15625)
(1391,34.375)
(1392,34.375)
(1393,34.375)
(1394,34.375)
(1395,34.375)
(1396,35.9375)
(1397,35.9375)
(1398,36.71875)
(1399,35.9375)
(1400,35.15625)
(1401,35.9375)
(1402,35.9375)
(1403,35.15625)
(1404,36.71875)
(1405,36.71875)
(1406,37.5)
(1407,37.5)
(1408,37.5)
(1409,35.9375)
(1410,37.5)
(1411,35.9375)
(1412,35.9375)
(1413,35.9375)
(1414,35.15625)
(1415,35.15625)
(1416,34.375)
(1417,34.375)
(1418,35.9375)
(1419,35.9375)
(1420,36.71875)
(1421,35.9375)
(1422,36.71875)
(1423,37.5)
(1424,35.9375)
(1425,35.9375)
(1426,35.15625)
(1427,34.375)
(1428,35.15625)
(1429,35.15625)
(1430,35.15625)
(1431,35.9375)
(1432,34.375)
(1433,34.375)
(1434,35.9375)
(1435,35.15625)
(1436,36.71875)
(1437,35.9375)
(1438,35.9375)
(1439,35.9375)
(1440,35.15625)
(1441,35.9375)
(1442,35.15625)
(1443,35.15625)
(1444,35.15625)
(1445,35.15625)
(1446,35.9375)
(1447,35.15625)
(1448,35.15625)
(1449,35.15625)
(1450,35.15625)
(1451,35.9375)
(1452,35.15625)
(1453,35.15625)
(1454,35.15625)
(1455,35.15625)
(1456,35.15625)
(1457,35.9375)
(1458,35.9375)
(1459,33.59375)
(1460,35.15625)
(1461,35.9375)
(1462,36.71875)
(1463,36.71875)
(1464,36.71875)
(1465,36.71875)
(1466,36.71875)
(1467,36.71875)
(1468,36.71875)
(1469,36.71875)
(1470,36.71875)
(1471,36.71875)
(1472,36.71875)
(1473,35.9375)
(1474,35.15625)
(1475,35.9375)
(1476,34.375)
(1477,33.59375)
(1478,33.59375)
(1479,35.15625)
(1480,32.8125)
(1481,32.8125)
(1482,32.8125)
(1483,34.375)
(1484,34.375)
(1485,35.15625)
(1486,35.15625)
(1487,35.9375)
(1488,33.59375)
(1489,34.375)
(1490,35.15625)
(1491,35.15625)
(1492,35.15625)
(1493,35.15625)
(1494,35.15625)
(1495,34.375)
(1496,35.15625)
(1497,35.9375)
(1498,35.9375)
(1499,36.71875)
(1500,35.9375)
(1501,33.59375)
(1502,33.59375)
(1503,34.375)
(1504,34.375)
(1505,34.375)
(1506,37.5)
(1507,38.28125)
(1508,38.28125)
(1509,39.84375)
(1510,41.40625)
(1511,41.40625)
(1512,43.75)
(1513,44.53125)
(1514,42.96875)
(1515,43.75)
(1516,46.875)
(1517,45.3125)
(1518,25.0)
(1519,44.53125)
(1520,42.1875)
(1521,41.40625)
(1522,38.28125)
(1523,34.375)
(1524,28.125)
(1525,35.15625)
(1526,33.59375)
(1527,34.375)
(1528,32.03125)
(1529,31.25)
(1530,33.59375)
(1531,37.5)
(1532,35.15625)
(1533,25.78125)
(1534,25.0)
(1535,25.78125)
(1536,39.0625)
(1537,39.0625)
(1538,39.84375)
(1539,39.0625)
(1540,35.9375)
(1541,38.28125)
(1542,39.0625)
(1543,39.84375)
(1544,39.0625)
(1545,35.9375)
(1546,38.28125)
(1547,37.5)
(1548,36.71875)
(1549,35.9375)
(1550,36.71875)
(1551,36.71875)
(1552,35.15625)
(1553,34.375)
(1554,35.9375)
(1555,38.28125)
(1556,36.71875)
(1557,23.4375)
(1558,38.28125)
(1559,37.5)
(1560,34.375)
(1561,35.15625)
(1562,36.71875)
(1563,25.78125)
(1564,25.78125)
(1565,26.5625)
(1566,27.34375)
(1567,39.84375)
(1568,27.34375)
(1569,41.40625)
(1570,26.5625)
(1571,23.4375)
(1572,38.28125)
(1573,39.84375)
(1574,39.0625)
(1575,35.9375)
(1576,36.71875)
(1577,39.84375)
(1578,28.90625)
(1579,39.0625)
(1580,36.71875)
(1581,35.15625)
(1582,21.09375)
(1583,33.59375)
(1584,24.21875)
(1585,33.59375)
(1586,27.34375)
(1587,32.03125)
(1588,26.5625)
(1589,36.71875)
(1590,27.34375)
(1591,38.28125)
(1592,28.90625)
(1593,40.625)
(1594,28.125)
(1595,38.28125)
(1596,36.71875)
(1597,37.5)
(1598,35.9375)
(1599,32.8125)
(1600,32.8125)
(1601,34.375)
(1602,36.71875)
(1603,39.84375)
(1604,40.625)
(1605,46.09375)
(1606,41.40625)
(1607,41.40625)
(1608,37.5)
(1609,33.59375)
(1610,34.375)
(1611,32.8125)
(1612,35.9375)
(1613,35.9375)
(1614,37.5)
(1615,39.84375)
(1616,39.84375)
(1617,39.0625)
(1618,39.84375)
(1619,39.0625)
(1620,40.625)
(1621,39.84375)
(1622,38.28125)
(1623,39.84375)
(1624,39.0625)
(1625,39.0625)
(1626,39.84375)
(1627,40.625)
(1628,39.0625)
(1629,40.625)
(1630,39.84375)
(1631,39.84375)
(1632,40.625)
(1633,41.40625)
(1634,41.40625)
(1635,41.40625)
(1636,41.40625)
(1637,42.1875)
(1638,41.40625)
(1639,42.1875)
(1640,42.1875)
(1641,42.1875)
(1642,42.1875)
(1643,41.40625)
(1644,42.1875)
(1645,42.1875)
(1646,42.1875)
(1647,42.1875)
(1648,42.1875)
(1649,42.1875)
(1650,41.40625)
(1651,41.40625)
(1652,41.40625)
(1653,41.40625)
(1654,41.40625)
(1655,41.40625)
(1656,41.40625)
(1657,41.40625)
(1658,41.40625)
(1659,41.40625)
(1660,41.40625)
(1661,42.1875)
(1662,40.625)
(1663,40.625)
(1664,41.40625)
(1665,41.40625)
(1666,41.40625)
(1667,41.40625)
(1668,41.40625)
(1669,41.40625)
(1670,42.1875)
(1671,41.40625)
(1672,42.1875)
(1673,42.1875)
(1674,41.40625)
(1675,41.40625)
(1676,42.1875)
(1677,42.1875)
(1678,42.1875)
(1679,42.1875)
(1680,42.1875)
(1681,42.1875)
(1682,41.40625)
(1683,42.96875)
(1684,42.1875)
(1685,43.75)
(1686,42.96875)
(1687,41.40625)
(1688,40.625)
(1689,41.40625)
(1690,40.625)
(1691,40.625)
(1692,41.40625)
(1693,41.40625)
(1694,41.40625)
(1695,41.40625)
(1696,42.1875)
(1697,42.1875)
(1698,42.1875)
(1699,40.625)
(1700,42.1875)
(1701,40.625)
(1702,42.1875)
(1703,42.96875)
(1704,42.1875)
(1705,42.96875)
(1706,42.1875)
(1707,42.1875)
(1708,41.40625)
(1709,39.84375)
(1710,42.96875)
(1711,42.1875)
(1712,42.96875)
(1713,40.625)
(1714,42.1875)
(1715,42.1875)
(1716,42.96875)
(1717,42.1875)
(1718,42.96875)
(1719,42.96875)
(1720,42.96875)
(1721,43.75)
(1722,42.96875)
(1723,42.96875)
(1724,42.1875)
(1725,41.40625)
(1726,42.1875)
(1727,42.1875)
(1728,42.1875)
(1729,42.1875)
(1730,42.1875)
(1731,42.1875)
(1732,42.1875)
(1733,42.1875)
(1734,42.1875)
(1735,42.1875)
(1736,42.1875)
(1737,42.1875)
(1738,42.1875)
(1739,42.96875)
(1740,42.96875)
(1741,42.96875)
(1742,42.96875)
(1743,42.96875)
(1744,43.75)
(1745,42.96875)
(1746,42.1875)
(1747,42.96875)
(1748,42.1875)
(1749,42.1875)
(1750,42.1875)
(1751,42.96875)
(1752,42.96875)
(1753,42.96875)
(1754,42.96875)
(1755,43.75)
(1756,42.96875)
(1757,42.1875)
(1758,41.40625)
(1759,42.1875)
(1760,42.1875)
(1761,42.1875)
(1762,42.1875)
(1763,42.1875)
(1764,42.1875)
(1765,42.1875)
(1766,42.1875)
(1767,42.1875)
(1768,41.40625)
(1769,41.40625)
(1770,41.40625)
(1771,41.40625)
(1772,41.40625)
(1773,41.40625)
(1774,41.40625)
(1775,41.40625)
(1776,41.40625)
(1777,41.40625)
(1778,41.40625)
(1779,41.40625)
(1780,41.40625)
(1781,41.40625)
(1782,41.40625)
(1783,41.40625)
(1784,41.40625)
(1785,41.40625)
(1786,41.40625)
(1787,41.40625)
(1788,41.40625)
(1789,41.40625)
(1790,41.40625)
(1791,41.40625)
(1792,41.40625)
(1793,41.40625)
(1794,41.40625)
(1795,41.40625)
(1796,41.40625)
(1797,41.40625)
(1798,41.40625)
(1799,41.40625)
(1800,41.40625)
(1801,41.40625)
(1802,41.40625)
(1803,41.40625)
(1804,41.40625)
(1805,41.40625)
(1806,41.40625)
(1807,41.40625)
(1808,41.40625)
(1809,41.40625)
(1810,41.40625)
(1811,41.40625)
(1812,41.40625)
(1813,41.40625)
(1814,41.40625)
(1815,41.40625)
(1816,41.40625)
(1817,41.40625)
(1818,41.40625)
(1819,41.40625)
(1820,41.40625)
(1821,41.40625)
(1822,41.40625)
(1823,41.40625)
(1824,41.40625)
(1825,41.40625)
(1826,41.40625)
(1827,42.1875)
(1828,42.1875)
(1829,42.1875)
(1830,42.1875)
(1831,42.1875)
(1832,42.1875)
(1833,42.1875)
(1834,42.96875)
(1835,42.1875)
(1836,42.1875)
(1837,42.1875)
(1838,42.1875)
(1839,42.1875)
(1840,42.1875)
(1841,42.1875)
(1842,42.1875)
(1843,42.1875)
(1844,42.1875)
(1845,42.1875)
(1846,42.96875)
(1847,42.96875)
(1848,42.96875)
(1849,42.1875)
(1850,42.1875)
(1851,42.1875)
(1852,42.1875)
(1853,42.1875)
(1854,42.1875)
(1855,42.1875)
(1856,42.1875)
(1857,42.1875)
(1858,42.1875)
(1859,42.1875)
(1860,42.1875)
(1861,42.1875)
(1862,42.1875)
(1863,42.96875)
(1864,42.96875)
(1865,42.96875)
(1866,42.96875)
(1867,42.96875)
(1868,42.96875)
(1869,42.96875)
(1870,42.96875)
(1871,42.96875)
(1872,42.1875)
(1873,42.96875)
(1874,43.75)
(1875,42.96875)
(1876,43.75)
(1877,42.96875)
(1878,42.96875)
(1879,42.1875)
(1880,42.1875)
(1881,42.96875)
(1882,42.1875)
(1883,42.96875)
(1884,42.1875)
(1885,42.1875)
(1886,42.1875)
(1887,41.40625)
(1888,42.1875)
(1889,42.1875)
(1890,42.1875)
(1891,42.1875)
(1892,41.40625)
(1893,41.40625)
(1894,41.40625)
(1895,42.1875)
(1896,41.40625)
(1897,42.96875)
(1898,41.40625)
(1899,41.40625)
(1900,42.1875)
(1901,42.1875)
(1902,42.1875)
(1903,41.40625)
(1904,41.40625)
(1905,41.40625)
(1906,39.84375)
(1907,41.40625)
(1908,40.625)
(1909,40.625)
(1910,41.40625)
(1911,40.625)
(1912,40.625)
(1913,41.40625)
(1914,41.40625)
(1915,41.40625)
(1916,42.96875)
(1917,42.96875)
(1918,44.53125)
(1919,42.96875)
(1920,42.96875)
(1921,42.96875)
(1922,42.1875)
(1923,42.1875)
(1924,43.75)
(1925,42.1875)
(1926,42.1875)
(1927,42.1875)
(1928,42.1875)
(1929,42.1875)
(1930,40.625)
(1931,42.1875)
(1932,42.1875)
(1933,42.96875)
(1934,42.1875)
(1935,41.40625)
(1936,41.40625)
(1937,41.40625)
(1938,41.40625)
(1939,41.40625)
(1940,40.625)
(1941,42.1875)
(1942,40.625)
(1943,42.1875)
(1944,42.1875)
(1945,42.1875)
(1946,42.1875)
(1947,42.1875)
(1948,42.1875)
(1949,42.96875)
(1950,42.96875)
(1951,42.96875)
(1952,42.96875)
(1953,42.96875)
(1954,41.40625)
(1955,41.40625)
(1956,42.1875)
(1957,42.1875)
(1958,42.1875)
(1959,42.1875)
(1960,42.1875)
(1961,44.53125)
(1962,44.53125)
(1963,41.40625)
(1964,40.625)
(1965,38.28125)
(1966,37.5)
(1967,35.15625)
(1968,35.9375)
(1969,35.9375)
(1970,32.03125)
(1971,35.15625)
(1972,39.0625)
(1973,39.0625)
(1974,34.375)
(1975,32.8125)
(1976,15.625)
(1977,32.03125)
(1978,35.15625)
(1979,35.15625)
(1980,41.40625)
