(1,11.71875)
(2,17.96875)
(3,3.125)
(4,21.09375)
(5,10.15625)
(6,8.59375)
(7,3.90625)
(8,2.34375)
(9,2.34375)
(10,3.90625)
(11,3.90625)
(12,8.59375)
(13,6.25)
(14,7.8125)
(15,3.90625)
(16,19.53125)
(17,19.53125)
(18,18.75)
(19,21.875)
(20,2.34375)
(21,3.125)
(22,4.6875)
(23,3.90625)
(24,3.90625)
(25,5.46875)
(26,4.6875)
(27,21.09375)
(28,19.53125)
(29,20.3125)
(30,20.3125)
(31,20.3125)
(32,19.53125)
(33,21.09375)
(34,18.75)
(35,19.53125)
(36,17.96875)
(37,17.1875)
(38,14.84375)
(39,14.0625)
(40,14.84375)
(41,1.5625)
(42,0.0)
(43,0.0)
(44,0.0)
(45,0.0)
(46,0.0)
(47,17.1875)
(48,18.75)
(49,18.75)
(50,14.84375)
(51,0.0)
(52,15.625)
(53,0.78125)
(54,13.28125)
(55,2.34375)
(56,12.5)
(57,9.375)
(58,11.71875)
(59,13.28125)
(60,20.3125)
(61,11.71875)
(62,8.59375)
(63,19.53125)
(64,19.53125)
(65,9.375)
(66,14.84375)
(67,11.71875)
(68,20.3125)
(69,14.84375)
(70,19.53125)
(71,19.53125)
(72,16.40625)
(73,20.3125)
(74,22.65625)
(75,8.59375)
(76,24.21875)
(77,14.0625)
(78,22.65625)
(79,14.0625)
(80,14.84375)
(81,24.21875)
(82,17.1875)
(83,12.5)
(84,28.125)
(85,10.15625)
(86,0.78125)
(87,8.59375)
(88,10.9375)
(89,12.5)
(90,14.84375)
(91,13.28125)
(92,10.9375)
(93,11.71875)
(94,8.59375)
(95,14.84375)
(96,16.40625)
(97,15.625)
(98,16.40625)
(99,1.5625)
(100,14.0625)
(101,6.25)
(102,6.25)
(103,10.15625)
(104,12.5)
(105,12.5)
(106,16.40625)
(107,10.9375)
(108,10.15625)
(109,3.125)
(110,6.25)
(111,4.6875)
(112,30.46875)
(113,47.65625)
(114,35.15625)
(115,46.09375)
(116,35.9375)
(117,36.71875)
(118,35.9375)
(119,35.9375)
(120,38.28125)
(121,39.0625)
(122,39.0625)
(123,39.84375)
(124,40.625)
(125,39.84375)
(126,40.625)
(127,40.625)
(128,39.84375)
(129,39.84375)
(130,40.625)
(131,40.625)
(132,40.625)
(133,39.84375)
(134,40.625)
(135,39.0625)
(136,40.625)
(137,40.625)
(138,40.625)
(139,40.625)
(140,39.84375)
(141,41.40625)
(142,41.40625)
(143,38.28125)
(144,39.0625)
(145,39.0625)
(146,34.375)
(147,37.5)
(148,32.03125)
(149,32.03125)
(150,30.46875)
(151,32.8125)
(152,32.03125)
(153,32.03125)
(154,32.8125)
(155,34.375)
(156,34.375)
(157,33.59375)
(158,32.03125)
(159,32.8125)
(160,32.03125)
(161,34.375)
(162,32.03125)
(163,31.25)
(164,31.25)
(165,34.375)
(166,31.25)
(167,35.15625)
(168,33.59375)
(169,32.03125)
(170,32.03125)
(171,32.8125)
(172,31.25)
(173,30.46875)
(174,28.90625)
(175,29.6875)
(176,28.125)
(177,27.34375)
(178,31.25)
(179,29.6875)
(180,36.71875)
(181,28.125)
(182,40.625)
(183,33.59375)
(184,36.71875)
(185,12.5)
(186,41.40625)
(187,40.625)
(188,32.8125)
(189,34.375)
(190,35.15625)
(191,34.375)
(192,28.90625)
(193,34.375)
(194,26.5625)
(195,27.34375)
(196,25.78125)
(197,27.34375)
(198,27.34375)
(199,28.125)
(200,28.125)
(201,30.46875)
(202,30.46875)
(203,31.25)
(204,29.6875)
(205,32.8125)
(206,29.6875)
(207,51.5625)
(208,16.40625)
(209,26.5625)
(210,44.53125)
(211,28.125)
(212,31.25)
(213,27.34375)
(214,46.09375)
(215,45.3125)
(216,31.25)
(217,28.90625)
(218,20.3125)
(219,31.25)
(220,31.25)
(221,31.25)
(222,29.6875)
(223,32.03125)
(224,26.5625)
(225,25.78125)
(226,26.5625)
(227,25.0)
(228,28.125)
(229,27.34375)
(230,35.15625)
(231,35.15625)
(232,45.3125)
(233,33.59375)
(234,34.375)
(235,34.375)
(236,34.375)
(237,34.375)
(238,32.03125)
(239,28.125)
(240,32.03125)
(241,32.03125)
(242,31.25)
(243,32.03125)
(244,21.875)
(245,33.59375)
(246,22.65625)
(247,34.375)
(248,34.375)
(249,34.375)
(250,34.375)
(251,35.15625)
(252,34.375)
(253,35.15625)
(254,35.9375)
(255,33.59375)
(256,33.59375)
(257,34.375)
(258,37.5)
(259,33.59375)
(260,38.28125)
(261,35.15625)
(262,35.9375)
(263,35.15625)
(264,28.125)
(265,32.8125)
(266,29.6875)
(267,32.8125)
(268,28.125)
(269,22.65625)
(270,25.78125)
(271,27.34375)
(272,17.1875)
(273,18.75)
(274,17.1875)
(275,19.53125)
(276,14.84375)
(277,25.0)
(278,18.75)
(279,32.8125)
(280,38.28125)
(281,35.15625)
(282,45.3125)
(283,44.53125)
(284,21.09375)
(285,19.53125)
(286,18.75)
(287,21.875)
(288,21.875)
(289,12.5)
(290,14.0625)
(291,14.84375)
(292,26.5625)
(293,25.0)
(294,13.28125)
(295,9.375)
(296,13.28125)
(297,20.3125)
(298,18.75)
(299,16.40625)
(300,11.71875)
(301,23.4375)
(302,15.625)
(303,7.8125)
(304,12.5)
(305,11.71875)
(306,15.625)
(307,14.0625)
(308,18.75)
(309,18.75)
(310,18.75)
(311,17.1875)
(312,15.625)
(313,16.40625)
(314,14.0625)
(315,11.71875)
(316,11.71875)
(317,0.0)
(318,0.0)
(319,0.0)
(320,0.0)
(321,0.0)
(322,0.0)
(323,0.0)
(324,0.0)
(325,0.0)
(326,0.0)
(327,0.0)
(328,0.0)
(329,0.0)
(330,0.0)
(331,0.0)
(332,0.0)
(333,0.0)
(334,0.0)
(335,0.0)
(336,1.5625)
(337,2.34375)
(338,3.125)
(339,0.0)
(340,0.0)
(341,3.125)
(342,0.0)
(343,0.78125)
(344,2.34375)
(345,2.34375)
(346,1.5625)
(347,2.34375)
(348,0.0)
(349,0.0)
(350,0.0)
(351,0.0)
(352,1.5625)
(353,10.9375)
(354,1.5625)
(355,0.0)
(356,0.0)
(357,3.125)
(358,0.0)
(359,13.28125)
(360,0.0)
(361,0.0)
(362,15.625)
(363,3.125)
(364,14.84375)
(365,16.40625)
(366,17.96875)
(367,4.6875)
(368,17.96875)
(369,2.34375)
(370,17.1875)
(371,4.6875)
(372,5.46875)
(373,7.8125)
(374,0.0)
(375,0.0)
(376,0.0)
(377,0.0)
(378,0.0)
(379,0.0)
(380,0.0)
(381,0.0)
(382,0.0)
(383,0.0)
(384,0.0)
(385,0.0)
(386,0.0)
(387,10.15625)
(388,6.25)
(389,7.03125)
(390,7.03125)
(391,6.25)
(392,0.0)
(393,0.0)
(394,0.0)
(395,6.25)
(396,6.25)
(397,0.0)
(398,0.0)
(399,0.0)
(400,0.0)
(401,0.0)
(402,0.0)
(403,0.0)
(404,19.53125)
(405,15.625)
(406,18.75)
(407,22.65625)
(408,14.0625)
(409,11.71875)
(410,22.65625)
(411,22.65625)
(412,24.21875)
(413,24.21875)
(414,13.28125)
(415,23.4375)
(416,24.21875)
(417,22.65625)
(418,31.25)
(419,19.53125)
(420,27.34375)
(421,29.6875)
(422,30.46875)
(423,28.90625)
(424,29.6875)
(425,26.5625)
(426,28.125)
(427,25.0)
(428,29.6875)
(429,21.875)
(430,29.6875)
(431,31.25)
(432,32.8125)
(433,32.03125)
(434,32.8125)
(435,33.59375)
(436,33.59375)
(437,35.9375)
(438,34.375)
(439,35.15625)
(440,34.375)
(441,35.9375)
(442,33.59375)
(443,35.15625)
(444,35.9375)
(445,35.9375)
(446,32.8125)
(447,33.59375)
(448,33.59375)
(449,32.8125)
(450,34.375)
(451,35.15625)
(452,35.15625)
(453,33.59375)
(454,34.375)
(455,34.375)
(456,34.375)
(457,32.8125)
(458,31.25)
(459,34.375)
(460,31.25)
(461,30.46875)
(462,31.25)
(463,31.25)
(464,31.25)
(465,31.25)
(466,31.25)
(467,31.25)
(468,29.6875)
(469,30.46875)
(470,31.25)
(471,30.46875)
(472,31.25)
(473,30.46875)
(474,29.6875)
(475,15.625)
(476,31.25)
(477,33.59375)
(478,33.59375)
(479,32.03125)
(480,30.46875)
(481,32.03125)
(482,31.25)
(483,32.03125)
(484,34.375)
(485,35.15625)
(486,34.375)
(487,34.375)
(488,33.59375)
(489,32.8125)
(490,31.25)
(491,18.75)
(492,31.25)
(493,30.46875)
(494,30.46875)
(495,30.46875)
(496,29.6875)
(497,31.25)
(498,31.25)
(499,31.25)
(500,31.25)
(501,30.46875)
(502,31.25)
(503,31.25)
(504,32.03125)
(505,32.8125)
(506,33.59375)
(507,34.375)
(508,34.375)
(509,34.375)
(510,34.375)
(511,34.375)
(512,35.15625)
(513,35.15625)
(514,35.15625)
(515,32.03125)
(516,32.8125)
(517,32.8125)
(518,36.71875)
(519,33.59375)
(520,31.25)
(521,28.125)
(522,29.6875)
(523,32.03125)
(524,28.90625)
(525,31.25)
(526,31.25)
(527,32.8125)
(528,28.125)
(529,27.34375)
(530,28.125)
(531,28.125)
(532,28.90625)
(533,26.5625)
(534,28.125)
(535,26.5625)
(536,22.65625)
(537,24.21875)
(538,24.21875)
(539,22.65625)
(540,21.875)
(541,10.9375)
(542,21.875)
(543,25.0)
(544,17.1875)
(545,17.96875)
(546,21.09375)
(547,22.65625)
(548,6.25)
(549,27.34375)
(550,21.875)
(551,17.96875)
(552,12.5)
(553,27.34375)
(554,22.65625)
(555,15.625)
(556,12.5)
(557,6.25)
(558,0.0)
(559,21.875)
(560,12.5)
(561,12.5)
(562,3.125)
(563,19.53125)
(564,14.84375)
(565,0.0)
(566,13.28125)
(567,13.28125)
(568,13.28125)
(569,6.25)
(570,6.25)
(571,4.6875)
(572,8.59375)
(573,8.59375)
(574,10.15625)
(575,14.84375)
(576,14.84375)
(577,17.96875)
(578,19.53125)
(579,21.09375)
(580,19.53125)
(581,19.53125)
(582,19.53125)
(583,19.53125)
(584,19.53125)
(585,19.53125)
(586,19.53125)
(587,21.875)
(588,21.09375)
(589,20.3125)
(590,21.09375)
(591,21.09375)
(592,19.53125)
(593,14.84375)
(594,14.0625)
(595,14.0625)
(596,8.59375)
(597,0.0)
(598,0.0)
(599,0.0)
(600,8.59375)
(601,5.46875)
(602,4.6875)
(603,8.59375)
(604,0.0)
(605,7.8125)
(606,44.53125)
(607,35.9375)
(608,22.65625)
(609,35.15625)
(610,45.3125)
(611,44.53125)
(612,46.875)
(613,40.625)
(614,28.90625)
(615,41.40625)
(616,46.875)
(617,44.53125)
(618,34.375)
(619,35.15625)
(620,27.34375)
(621,25.0)
(622,27.34375)
(623,26.5625)
(624,28.90625)
(625,41.40625)
(626,39.0625)
(627,27.34375)
(628,37.5)
(629,25.0)
(630,41.40625)
(631,23.4375)
(632,26.5625)
(633,24.21875)
(634,23.4375)
(635,28.125)
(636,25.78125)
(637,11.71875)
(638,14.84375)
(639,9.375)
(640,10.15625)
(641,10.15625)
(642,9.375)
(643,11.71875)
(644,13.28125)
(645,12.5)
(646,10.9375)
(647,10.9375)
(648,10.15625)
(649,10.9375)
(650,10.15625)
(651,10.15625)
(652,10.9375)
(653,10.9375)
(654,12.5)
(655,3.125)
(656,14.84375)
(657,0.0)
(658,0.0)
(659,4.6875)
(660,2.34375)
(661,14.84375)
(662,0.0)
(663,0.0)
(664,0.0)
(665,0.0)
(666,0.0)
(667,3.90625)
(668,0.0)
(669,0.0)
(670,9.375)
(671,14.84375)
(672,15.625)
(673,14.0625)
(674,0.0)
(675,18.75)
(676,17.1875)
(677,0.0)
(678,0.0)
(679,10.15625)
(680,17.96875)
(681,18.75)
(682,17.1875)
(683,17.1875)
(684,10.15625)
(685,17.96875)
(686,15.625)
(687,15.625)
(688,14.0625)
(689,16.40625)
(690,15.625)
(691,14.0625)
(692,17.1875)
(693,8.59375)
(694,2.34375)
(695,12.5)
(696,13.28125)
(697,14.84375)
(698,13.28125)
(699,8.59375)
(700,8.59375)
(701,12.5)
(702,10.15625)
(703,13.28125)
(704,14.0625)
(705,15.625)
(706,14.84375)
(707,17.96875)
(708,20.3125)
(709,21.875)
(710,21.875)
(711,20.3125)
(712,0.0)
(713,0.0)
(714,0.0)
(715,0.0)
(716,0.0)
(717,16.40625)
(718,0.0)
(719,2.34375)
(720,0.0)
(721,0.0)
(722,0.0)
(723,0.0)
(724,0.0)
(725,0.0)
(726,0.78125)
(727,6.25)
(728,14.84375)
(729,14.0625)
(730,14.0625)
(731,14.0625)
(732,14.0625)
(733,3.125)
(734,6.25)
(735,0.0)
(736,13.28125)
(737,19.53125)
(738,9.375)
(739,13.28125)
(740,18.75)
(741,21.09375)
(742,23.4375)
(743,25.78125)
(744,21.09375)
(745,20.3125)
(746,20.3125)
(747,20.3125)
(748,27.34375)
(749,27.34375)
(750,20.3125)
(751,21.875)
(752,24.21875)
(753,25.0)
(754,22.65625)
(755,21.875)
(756,21.875)
(757,24.21875)
(758,26.5625)
(759,26.5625)
(760,25.0)
(761,25.0)
(762,26.5625)
(763,13.28125)
(764,29.6875)
(765,24.21875)
(766,32.8125)
(767,32.8125)
(768,14.0625)
(769,20.3125)
(770,30.46875)
(771,28.125)
(772,28.125)
(773,28.125)
(774,17.96875)
(775,21.875)
(776,21.875)
(777,19.53125)
(778,19.53125)
(779,21.875)
(780,22.65625)
(781,21.875)
(782,22.65625)
(783,23.4375)
(784,23.4375)
(785,22.65625)
(786,19.53125)
(787,11.71875)
(788,18.75)
(789,18.75)
(790,11.71875)
(791,14.84375)
(792,17.96875)
(793,16.40625)
(794,19.53125)
(795,17.96875)
(796,14.84375)
(797,0.78125)
(798,17.96875)
(799,17.96875)
(800,19.53125)
(801,19.53125)
(802,17.1875)
(803,10.9375)
(804,0.0)
(805,0.0)
(806,1.5625)
(807,20.3125)
(808,20.3125)
(809,17.1875)
(810,16.40625)
(811,16.40625)
(812,16.40625)
(813,17.96875)
(814,15.625)
(815,17.1875)
(816,17.1875)
(817,15.625)
(818,15.625)
(819,15.625)
(820,16.40625)
(821,17.1875)
(822,16.40625)
(823,17.1875)
(824,17.96875)
(825,17.1875)
(826,18.75)
(827,19.53125)
(828,17.1875)
(829,18.75)
(830,19.53125)
(831,19.53125)
(832,18.75)
(833,19.53125)
(834,18.75)
(835,17.1875)
(836,17.96875)
(837,19.53125)
(838,17.96875)
(839,17.1875)
(840,17.1875)
(841,15.625)
(842,17.96875)
(843,17.96875)
(844,17.1875)
(845,16.40625)
(846,19.53125)
(847,19.53125)
(848,18.75)
(849,17.96875)
(850,20.3125)
(851,17.96875)
(852,16.40625)
(853,16.40625)
(854,16.40625)
(855,18.75)
(856,18.75)
(857,17.96875)
(858,16.40625)
(859,14.84375)
(860,17.96875)
(861,19.53125)
(862,16.40625)
(863,19.53125)
(864,15.625)
(865,16.40625)
(866,18.75)
(867,16.40625)
(868,16.40625)
(869,17.1875)
(870,20.3125)
(871,20.3125)
(872,19.53125)
(873,14.84375)
(874,17.1875)
(875,18.75)
(876,16.40625)
(877,17.96875)
(878,18.75)
(879,17.96875)
(880,20.3125)
(881,17.1875)
(882,16.40625)
(883,15.625)
(884,14.84375)
(885,10.9375)
(886,12.5)
(887,15.625)
(888,14.0625)
(889,15.625)
(890,17.96875)
(891,17.96875)
(892,15.625)
(893,16.40625)
(894,14.84375)
(895,13.28125)
(896,17.96875)
(897,17.96875)
(898,17.1875)
(899,17.96875)
(900,17.1875)
(901,15.625)
(902,17.96875)
(903,17.1875)
(904,18.75)
(905,18.75)
(906,20.3125)
(907,19.53125)
(908,2.34375)
(909,2.34375)
(910,12.5)
(911,21.09375)
(912,20.3125)
(913,20.3125)
(914,20.3125)
(915,20.3125)
(916,21.875)
(917,21.09375)
(918,21.09375)
(919,12.5)
(920,21.09375)
(921,21.09375)
(922,18.75)
(923,8.59375)
(924,21.09375)
(925,21.09375)
(926,21.875)
(927,21.875)
(928,21.875)
(929,21.09375)
(930,21.09375)
(931,21.875)
(932,21.875)
(933,21.09375)
(934,21.09375)
(935,21.875)
(936,21.09375)
(937,21.09375)
(938,21.09375)
(939,21.09375)
(940,21.09375)
(941,21.09375)
(942,21.09375)
(943,21.09375)
(944,21.09375)
(945,21.09375)
(946,21.09375)
(947,21.09375)
(948,21.09375)
(949,21.09375)
(950,21.09375)
(951,21.09375)
(952,21.09375)
(953,21.09375)
(954,21.09375)
(955,21.09375)
(956,21.09375)
(957,21.09375)
(958,21.09375)
(959,20.3125)
(960,21.09375)
(961,21.09375)
(962,21.09375)
(963,21.09375)
(964,21.09375)
(965,21.09375)
(966,21.09375)
(967,21.09375)
(968,21.09375)
(969,21.09375)
(970,21.09375)
(971,21.09375)
(972,21.09375)
(973,21.09375)
(974,21.09375)
(975,21.09375)
(976,21.09375)
(977,21.09375)
(978,21.09375)
(979,21.09375)
(980,21.09375)
(981,21.09375)
(982,21.09375)
(983,21.09375)
(984,21.09375)
(985,21.09375)
(986,21.09375)
(987,21.09375)
(988,21.09375)
(989,21.09375)
(990,21.09375)
(991,21.09375)
(992,21.09375)
(993,21.09375)
(994,21.09375)
(995,21.09375)
(996,21.09375)
(997,21.09375)
(998,21.09375)
(999,21.09375)
(1000,21.09375)
(1001,21.09375)
(1002,21.09375)
(1003,21.09375)
(1004,21.09375)
(1005,21.09375)
(1006,21.09375)
(1007,21.09375)
(1008,21.09375)
(1009,21.09375)
(1010,21.09375)
(1011,21.09375)
(1012,21.09375)
(1013,21.09375)
(1014,21.09375)
(1015,21.09375)
(1016,21.09375)
(1017,21.09375)
(1018,21.09375)
(1019,21.09375)
(1020,21.09375)
(1021,21.09375)
(1022,21.09375)
(1023,21.09375)
(1024,21.09375)
(1025,21.09375)
(1026,21.09375)
(1027,21.09375)
(1028,21.09375)
(1029,21.09375)
(1030,21.09375)
(1031,21.09375)
(1032,21.09375)
(1033,21.09375)
(1034,21.09375)
(1035,21.09375)
(1036,21.09375)
(1037,21.09375)
(1038,21.09375)
(1039,21.09375)
(1040,21.09375)
(1041,21.09375)
(1042,21.09375)
(1043,21.09375)
(1044,21.09375)
(1045,21.09375)
(1046,21.09375)
(1047,20.3125)
(1048,21.09375)
(1049,21.09375)
(1050,21.09375)
(1051,21.09375)
(1052,21.09375)
(1053,21.09375)
(1054,21.09375)
(1055,21.09375)
(1056,21.09375)
(1057,21.09375)
(1058,21.875)
(1059,21.875)
(1060,21.875)
(1061,21.875)
(1062,21.875)
(1063,21.875)
(1064,21.875)
(1065,15.625)
(1066,21.09375)
(1067,19.53125)
(1068,21.09375)
(1069,21.09375)
(1070,21.875)
(1071,21.09375)
(1072,21.09375)
(1073,21.09375)
(1074,21.875)
(1075,21.09375)
(1076,21.09375)
(1077,20.3125)
(1078,12.5)
(1079,21.875)
(1080,21.09375)
(1081,21.875)
(1082,21.875)
(1083,21.875)
(1084,21.875)
(1085,21.875)
(1086,21.875)
(1087,13.28125)
(1088,21.09375)
(1089,21.09375)
(1090,21.09375)
(1091,21.875)
(1092,21.09375)
(1093,21.09375)
(1094,21.09375)
(1095,21.09375)
(1096,21.09375)
(1097,21.875)
(1098,21.09375)
(1099,21.09375)
(1100,21.09375)
(1101,21.09375)
(1102,21.09375)
(1103,20.3125)
(1104,18.75)
(1105,21.09375)
(1106,20.3125)
(1107,20.3125)
(1108,17.96875)
(1109,21.09375)
(1110,21.09375)
(1111,21.09375)
(1112,17.96875)
(1113,22.65625)
(1114,21.875)
(1115,21.875)
(1116,21.875)
(1117,21.875)
(1118,21.875)
(1119,21.875)
(1120,21.875)
(1121,13.28125)
(1122,21.09375)
(1123,21.09375)
(1124,21.09375)
(1125,20.3125)
(1126,20.3125)
(1127,21.09375)
(1128,18.75)
(1129,21.09375)
(1130,20.3125)
(1131,19.53125)
(1132,20.3125)
(1133,21.09375)
(1134,21.09375)
(1135,20.3125)
(1136,21.09375)
(1137,20.3125)
(1138,20.3125)
(1139,18.75)
(1140,18.75)
(1141,18.75)
(1142,18.75)
(1143,20.3125)
(1144,18.75)
(1145,18.75)
(1146,21.09375)
(1147,17.96875)
(1148,21.09375)
(1149,18.75)
(1150,18.75)
(1151,21.09375)
(1152,17.96875)
(1153,20.3125)
(1154,18.75)
(1155,21.09375)
(1156,18.75)
(1157,18.75)
(1158,21.09375)
(1159,20.3125)
(1160,18.75)
(1161,20.3125)
(1162,20.3125)
(1163,18.75)
(1164,20.3125)
(1165,18.75)
(1166,18.75)
(1167,21.09375)
(1168,21.09375)
(1169,21.09375)
(1170,21.09375)
(1171,21.09375)
(1172,21.09375)
(1173,21.09375)
(1174,21.09375)
(1175,21.09375)
(1176,21.09375)
(1177,21.09375)
(1178,21.09375)
(1179,21.09375)
(1180,21.09375)
(1181,21.09375)
(1182,21.09375)
(1183,21.09375)
(1184,21.09375)
(1185,21.09375)
(1186,21.09375)
(1187,21.09375)
(1188,21.09375)
(1189,21.09375)
(1190,21.09375)
(1191,21.09375)
(1192,21.09375)
(1193,21.09375)
(1194,21.09375)
(1195,21.09375)
(1196,21.09375)
(1197,21.09375)
(1198,3.90625)
(1199,21.09375)
(1200,21.09375)
(1201,0.0)
(1202,21.09375)
(1203,21.09375)
(1204,21.09375)
(1205,21.09375)
(1206,21.09375)
(1207,21.09375)
(1208,21.09375)
(1209,21.09375)
(1210,21.09375)
(1211,21.09375)
(1212,21.09375)
(1213,21.09375)
(1214,21.09375)
(1215,21.09375)
(1216,19.53125)
(1217,17.1875)
(1218,14.84375)
(1219,14.84375)
(1220,14.0625)
(1221,14.0625)
(1222,14.0625)
(1223,14.84375)
(1224,2.34375)
(1225,5.46875)
(1226,2.34375)
(1227,6.25)
(1228,0.0)
(1229,2.34375)
(1230,3.125)
(1231,2.34375)
(1232,3.125)
(1233,7.8125)
(1234,32.8125)
(1235,23.4375)
(1236,17.1875)
(1237,33.59375)
(1238,30.46875)
(1239,32.8125)
(1240,32.8125)
(1241,21.875)
(1242,25.0)
(1243,25.0)
(1244,25.78125)
(1245,25.78125)
(1246,24.21875)
(1247,17.1875)
(1248,16.40625)
(1249,23.4375)
(1250,21.875)
(1251,21.875)
(1252,20.3125)
(1253,20.3125)
(1254,21.875)
(1255,17.1875)
(1256,17.1875)
(1257,21.09375)
(1258,20.3125)
(1259,30.46875)
(1260,20.3125)
(1261,19.53125)
(1262,36.71875)
(1263,35.15625)
(1264,33.59375)
(1265,31.25)
(1266,32.03125)
(1267,31.25)
(1268,31.25)
(1269,32.03125)
(1270,30.46875)
(1271,34.375)
(1272,32.03125)
(1273,23.4375)
(1274,21.875)
(1275,21.875)
(1276,21.09375)
(1277,23.4375)
(1278,22.65625)
(1279,21.875)
(1280,22.65625)
(1281,21.875)
(1282,21.875)
(1283,20.3125)
(1284,19.53125)
(1285,35.15625)
(1286,34.375)
(1287,35.15625)
(1288,35.15625)
(1289,33.59375)
(1290,32.03125)
(1291,31.25)
(1292,31.25)
(1293,29.6875)
(1294,32.8125)
(1295,35.15625)
(1296,34.375)
(1297,32.8125)
(1298,33.59375)
(1299,33.59375)
(1300,33.59375)
(1301,31.25)
(1302,33.59375)
(1303,32.8125)
(1304,32.03125)
(1305,31.25)
(1306,30.46875)
(1307,32.03125)
(1308,32.8125)
(1309,19.53125)
(1310,35.15625)
(1311,22.65625)
(1312,16.40625)
(1313,23.4375)
(1314,24.21875)
(1315,22.65625)
(1316,22.65625)
(1317,21.875)
(1318,23.4375)
(1319,23.4375)
(1320,22.65625)
(1321,24.21875)
(1322,22.65625)
(1323,24.21875)
(1324,23.4375)
(1325,20.3125)
(1326,23.4375)
(1327,23.4375)
(1328,24.21875)
(1329,22.65625)
(1330,25.0)
(1331,35.15625)
(1332,20.3125)
(1333,24.21875)
(1334,35.15625)
(1335,20.3125)
(1336,25.0)
(1337,23.4375)
(1338,21.875)
(1339,22.65625)
(1340,25.0)
(1341,25.78125)
(1342,25.78125)
(1343,25.78125)
(1344,24.21875)
(1345,27.34375)
(1346,25.0)
(1347,24.21875)
(1348,21.875)
(1349,24.21875)
(1350,23.4375)
(1351,34.375)
(1352,20.3125)
(1353,31.25)
(1354,34.375)
(1355,34.375)
(1356,35.15625)
(1357,34.375)
(1358,34.375)
(1359,35.15625)
(1360,35.9375)
(1361,35.15625)
(1362,32.8125)
(1363,35.15625)
(1364,25.0)
(1365,25.78125)
(1366,24.21875)
(1367,25.0)
(1368,24.21875)
(1369,35.15625)
(1370,28.125)
(1371,35.15625)
(1372,35.9375)
(1373,32.8125)
(1374,25.78125)
(1375,25.78125)
(1376,39.84375)
(1377,35.15625)
(1378,35.15625)
(1379,35.9375)
(1380,26.5625)
(1381,35.9375)
(1382,28.90625)
(1383,39.0625)
(1384,21.875)
(1385,42.1875)
(1386,21.875)
(1387,35.15625)
(1388,42.1875)
(1389,25.0)
(1390,25.0)
(1391,25.78125)
(1392,25.78125)
(1393,25.78125)
(1394,25.78125)
(1395,25.78125)
(1396,25.78125)
(1397,25.78125)
(1398,25.78125)
(1399,25.78125)
(1400,26.5625)
(1401,25.78125)
(1402,25.0)
(1403,25.78125)
(1404,26.5625)
(1405,25.78125)
(1406,25.78125)
(1407,25.0)
(1408,26.5625)
(1409,25.0)
(1410,24.21875)
(1411,40.625)
(1412,38.28125)
(1413,27.34375)
(1414,22.65625)
(1415,34.375)
(1416,21.875)
(1417,21.09375)
(1418,19.53125)
(1419,17.1875)
(1420,34.375)
(1421,39.0625)
(1422,35.15625)
(1423,36.71875)
(1424,35.9375)
(1425,25.78125)
(1426,25.78125)
(1427,32.8125)
(1428,36.71875)
(1429,35.15625)
(1430,21.875)
(1431,27.34375)
(1432,35.15625)
(1433,25.0)
(1434,25.78125)
(1435,24.21875)
(1436,24.21875)
(1437,24.21875)
(1438,25.0)
(1439,24.21875)
(1440,20.3125)
(1441,34.375)
(1442,35.9375)
(1443,22.65625)
(1444,25.0)
(1445,25.78125)
(1446,25.0)
(1447,32.8125)
(1448,35.15625)
(1449,34.375)
(1450,35.15625)
(1451,35.15625)
(1452,35.15625)
(1453,34.375)
(1454,26.5625)
(1455,34.375)
(1456,35.15625)
(1457,35.15625)
(1458,34.375)
(1459,34.375)
(1460,34.375)
(1461,35.15625)
(1462,35.15625)
(1463,34.375)
(1464,34.375)
(1465,34.375)
(1466,34.375)
(1467,36.71875)
(1468,35.9375)
(1469,35.15625)
(1470,22.65625)
(1471,35.9375)
(1472,35.9375)
(1473,35.9375)
(1474,35.9375)
(1475,34.375)
(1476,36.71875)
(1477,35.15625)
(1478,35.9375)
(1479,35.15625)
(1480,35.15625)
(1481,24.21875)
(1482,28.125)
(1483,36.71875)
(1484,35.9375)
(1485,36.71875)
(1486,23.4375)
(1487,35.15625)
(1488,35.15625)
(1489,35.9375)
(1490,35.9375)
(1491,35.9375)
(1492,35.9375)
(1493,34.375)
(1494,35.15625)
(1495,35.15625)
(1496,35.15625)
(1497,36.71875)
(1498,35.9375)
(1499,36.71875)
(1500,36.71875)
(1501,35.9375)
(1502,35.9375)
(1503,23.4375)
(1504,35.9375)
(1505,37.5)
(1506,36.71875)
(1507,36.71875)
(1508,36.71875)
(1509,36.71875)
(1510,17.1875)
(1511,36.71875)
(1512,36.71875)
(1513,38.28125)
(1514,19.53125)
(1515,36.71875)
(1516,21.875)
(1517,35.9375)
(1518,28.90625)
(1519,29.6875)
(1520,21.875)
(1521,35.15625)
(1522,25.0)
(1523,25.0)
(1524,22.65625)
(1525,22.65625)
(1526,21.09375)
(1527,32.8125)
(1528,29.6875)
(1529,28.90625)
(1530,28.125)
(1531,26.5625)
(1532,25.78125)
(1533,25.78125)
(1534,26.5625)
(1535,28.90625)
(1536,28.90625)
(1537,29.6875)
(1538,22.65625)
(1539,24.21875)
(1540,23.4375)
(1541,22.65625)
(1542,32.03125)
(1543,33.59375)
(1544,24.21875)
(1545,24.21875)
(1546,25.0)
(1547,24.21875)
(1548,22.65625)
(1549,31.25)
(1550,28.90625)
(1551,24.21875)
(1552,22.65625)
(1553,21.875)
(1554,22.65625)
(1555,32.8125)
(1556,30.46875)
(1557,28.90625)
(1558,27.34375)
(1559,25.78125)
(1560,27.34375)
(1561,26.5625)
(1562,23.4375)
(1563,29.6875)
(1564,27.34375)
(1565,28.125)
(1566,25.78125)
(1567,25.78125)
(1568,29.6875)
(1569,32.03125)
(1570,30.46875)
(1571,25.78125)
(1572,31.25)
(1573,22.65625)
(1574,28.90625)
(1575,25.78125)
(1576,24.21875)
(1577,26.5625)
(1578,32.03125)
(1579,33.59375)
(1580,33.59375)
(1581,34.375)
(1582,32.8125)
(1583,26.5625)
(1584,34.375)
(1585,25.0)
(1586,23.4375)
(1587,24.21875)
(1588,35.9375)
(1589,23.4375)
(1590,22.65625)
(1591,20.3125)
(1592,34.375)
(1593,17.96875)
(1594,8.59375)
(1595,8.59375)
(1596,15.625)
(1597,21.875)
(1598,24.21875)
(1599,3.125)
(1600,6.25)
(1601,11.71875)
(1602,10.15625)
(1603,12.5)
(1604,10.15625)
(1605,21.09375)
(1606,21.875)
(1607,17.96875)
(1608,15.625)
(1609,21.09375)
(1610,24.21875)
(1611,14.0625)
(1612,25.78125)
(1613,25.0)
(1614,17.96875)
(1615,18.75)
(1616,10.15625)
(1617,31.25)
(1618,28.90625)
(1619,28.90625)
(1620,30.46875)
(1621,30.46875)
(1622,29.6875)
(1623,31.25)
(1624,32.03125)
(1625,30.46875)
(1626,30.46875)
(1627,25.78125)
(1628,30.46875)
(1629,31.25)
(1630,32.03125)
(1631,32.8125)
(1632,33.59375)
(1633,33.59375)
(1634,21.09375)
(1635,35.15625)
(1636,21.875)
(1637,36.71875)
(1638,20.3125)
(1639,36.71875)
(1640,38.28125)
(1641,37.5)
(1642,36.71875)
(1643,38.28125)
(1644,38.28125)
(1645,38.28125)
(1646,38.28125)
(1647,39.84375)
(1648,39.0625)
(1649,39.0625)
(1650,38.28125)
(1651,39.0625)
(1652,38.28125)
(1653,40.625)
(1654,39.0625)
(1655,39.0625)
(1656,38.28125)
(1657,39.84375)
(1658,39.84375)
(1659,39.0625)
(1660,39.0625)
(1661,39.84375)
(1662,38.28125)
(1663,37.5)
(1664,39.0625)
(1665,38.28125)
(1666,37.5)
(1667,39.0625)
(1668,39.0625)
(1669,37.5)
(1670,37.5)
(1671,36.71875)
(1672,37.5)
(1673,37.5)
(1674,39.84375)
(1675,38.28125)
(1676,39.0625)
(1677,38.28125)
(1678,39.0625)
(1679,39.0625)
(1680,39.0625)
(1681,39.0625)
(1682,25.78125)
(1683,30.46875)
(1684,37.5)
(1685,35.9375)
(1686,35.9375)
(1687,35.9375)
(1688,36.71875)
(1689,35.9375)
(1690,36.71875)
(1691,34.375)
(1692,36.71875)
(1693,35.15625)
(1694,35.15625)
(1695,35.9375)
(1696,36.71875)
(1697,37.5)
(1698,24.21875)
(1699,28.90625)
(1700,35.9375)
(1701,35.9375)
(1702,26.5625)
(1703,25.0)
(1704,37.5)
(1705,35.15625)
(1706,35.9375)
(1707,36.71875)
(1708,36.71875)
(1709,37.5)
(1710,26.5625)
(1711,37.5)
(1712,32.03125)
(1713,38.28125)
(1714,37.5)
(1715,38.28125)
(1716,38.28125)
(1717,38.28125)
(1718,38.28125)
(1719,38.28125)
(1720,38.28125)
(1721,39.0625)
(1722,38.28125)
(1723,38.28125)
(1724,38.28125)
(1725,37.5)
(1726,37.5)
(1727,37.5)
(1728,37.5)
(1729,37.5)
(1730,36.71875)
(1731,37.5)
(1732,36.71875)
(1733,37.5)
(1734,36.71875)
(1735,37.5)
(1736,35.9375)
(1737,35.9375)
(1738,35.9375)
(1739,36.71875)
(1740,38.28125)
(1741,37.5)
(1742,37.5)
(1743,25.78125)
(1744,28.125)
(1745,38.28125)
(1746,38.28125)
(1747,39.0625)
(1748,38.28125)
(1749,26.5625)
(1750,37.5)
(1751,28.90625)
(1752,37.5)
(1753,37.5)
(1754,37.5)
(1755,38.28125)
(1756,36.71875)
(1757,35.9375)
(1758,37.5)
(1759,21.875)
(1760,37.5)
(1761,24.21875)
(1762,39.0625)
(1763,25.0)
(1764,37.5)
(1765,23.4375)
(1766,23.4375)
(1767,38.28125)
(1768,23.4375)
(1769,39.0625)
(1770,24.21875)
(1771,38.28125)
(1772,38.28125)
(1773,24.21875)
(1774,38.28125)
(1775,33.59375)
(1776,37.5)
(1777,37.5)
(1778,38.28125)
(1779,30.46875)
(1780,38.28125)
(1781,37.5)
(1782,37.5)
(1783,28.90625)
(1784,28.125)
(1785,23.4375)
(1786,28.90625)
(1787,25.0)
(1788,35.9375)
(1789,24.21875)
(1790,38.28125)
(1791,36.71875)
(1792,23.4375)
(1793,37.5)
(1794,24.21875)
(1795,37.5)
(1796,24.21875)
(1797,37.5)
(1798,23.4375)
(1799,36.71875)
(1800,38.28125)
(1801,24.21875)
(1802,35.9375)
(1803,36.71875)
(1804,35.9375)
(1805,24.21875)
(1806,35.9375)
(1807,35.15625)
(1808,35.9375)
(1809,25.0)
(1810,36.71875)
(1811,36.71875)
(1812,36.71875)
(1813,36.71875)
(1814,28.90625)
(1815,24.21875)
(1816,39.0625)
(1817,37.5)
(1818,37.5)
(1819,23.4375)
(1820,33.59375)
(1821,32.03125)
(1822,23.4375)
(1823,24.21875)
(1824,23.4375)
(1825,33.59375)
(1826,23.4375)
(1827,22.65625)
(1828,24.21875)
(1829,23.4375)
(1830,23.4375)
(1831,23.4375)
(1832,24.21875)
(1833,24.21875)
(1834,25.0)
(1835,25.0)
(1836,22.65625)
(1837,22.65625)
(1838,21.875)
(1839,22.65625)
(1840,21.875)
(1841,21.09375)
(1842,21.09375)
(1843,31.25)
(1844,35.9375)
(1845,36.71875)
(1846,37.5)
(1847,37.5)
(1848,26.5625)
(1849,23.4375)
(1850,24.21875)
(1851,23.4375)
(1852,24.21875)
(1853,22.65625)
(1854,22.65625)
(1855,21.875)
(1856,25.78125)
(1857,36.71875)
(1858,21.875)
(1859,21.875)
(1860,21.875)
(1861,22.65625)
(1862,22.65625)
(1863,37.5)
(1864,21.875)
(1865,21.875)
(1866,21.875)
(1867,22.65625)
(1868,21.875)
(1869,31.25)
(1870,21.09375)
(1871,20.3125)
(1872,24.21875)
(1873,37.5)
(1874,35.9375)
(1875,35.9375)
(1876,36.71875)
(1877,36.71875)
(1878,36.71875)
(1879,39.84375)
(1880,39.0625)
(1881,39.84375)
(1882,40.625)
(1883,39.0625)
(1884,39.84375)
(1885,38.28125)
(1886,38.28125)
(1887,27.34375)
(1888,37.5)
(1889,38.28125)
(1890,35.9375)
(1891,36.71875)
(1892,36.71875)
(1893,37.5)
(1894,36.71875)
(1895,36.71875)
(1896,38.28125)
(1897,36.71875)
(1898,38.28125)
(1899,28.125)
(1900,39.0625)
(1901,23.4375)
(1902,23.4375)
(1903,23.4375)
(1904,21.09375)
(1905,28.90625)
(1906,22.65625)
(1907,27.34375)
(1908,28.90625)
(1909,36.71875)
(1910,21.875)
(1911,38.28125)
(1912,37.5)
(1913,36.71875)
(1914,37.5)
(1915,38.28125)
(1916,38.28125)
(1917,37.5)
(1918,36.71875)
(1919,38.28125)
(1920,39.84375)
(1921,40.625)
(1922,40.625)
(1923,24.21875)
(1924,39.0625)
(1925,35.9375)
(1926,37.5)
(1927,38.28125)
(1928,37.5)
(1929,37.5)
(1930,36.71875)
(1931,36.71875)
(1932,21.875)
(1933,37.5)
(1934,24.21875)
(1935,37.5)
(1936,22.65625)
(1937,35.9375)
(1938,35.9375)
(1939,37.5)
(1940,36.71875)
(1941,36.71875)
(1942,36.71875)
(1943,22.65625)
(1944,36.71875)
(1945,35.9375)
(1946,35.9375)
(1947,37.5)
(1948,21.875)
(1949,35.9375)
(1950,35.15625)
(1951,35.15625)
(1952,35.15625)
(1953,35.15625)
(1954,35.15625)
(1955,21.875)
(1956,34.375)
(1957,18.75)
(1958,27.34375)
(1959,28.90625)
(1960,28.125)
(1961,28.125)
(1962,7.8125)
(1963,25.78125)
(1964,25.78125)
(1965,25.0)
(1966,7.03125)
(1967,7.8125)
(1968,12.5)
(1969,10.15625)
(1970,14.84375)
(1971,27.34375)
(1972,14.0625)
(1973,17.1875)
(1974,17.1875)
(1975,7.8125)
(1976,29.6875)
(1977,22.65625)
(1978,17.96875)
(1979,17.1875)
