(0,44.2495,32.4266)
(1,70.5529,46.5637)
(2,70.5119,44.4017)
(3,65.4292,43.0080)
(4,68.9381,46.2912)
(5,70.4865,48.0297)
(6,73.5761,55.0464)
(7,71.1423,49.3765)
(8,62.1721,35.1933)
(9,58.2459,33.6794)
(10,68.0680,48.8068)
(11,65.8054,46.1216)
(12,67.1696,47.1769)
(13,61.8711,45.7318)
(14,64.1126,44.8117)
(15,63.2215,45.7412)
(16,59.5802,45.5444)
(17,64.0384,47.9538)
(18,70.5495,52.2002)
(19,70.4119,52.6176)
(20,65.7691,42.1300)
(21,69.1937,48.6046)
(22,71.4581,52.2604)
(23,69.5246,50.1801)
(24,66.3526,44.1927)
(25,67.8422,44.6132)
(26,69.3090,46.7155)
(27,71.3510,45.7911)
(28,71.5525,47.7206)
(29,72.6832,47.2830)
(30,70.8932,46.8157)
(31,65.7102,39.4792)
(32,69.3093,40.0534)
(33,66.9119,45.0914)
(34,67.1889,45.7804)
(35,65.6908,48.3563)
(36,65.6598,46.6518)
(37,63.3141,46.0217)
(38,67.0390,47.5701)
(39,62.1907,46.5468)
(40,65.8580,43.0323)
(41,62.3570,36.4102)
(42,6.8014,9.5102)
(43,9.7210,8.9878)
(44,10.6043,9.3294)
(45,11.8209,8.6549)
(46,15.2722,9.9067)
(47,73.4105,56.7446)
(48,71.9007,56.9944)
(49,70.0507,52.9141)
(50,71.6684,51.7990)
(51,45.9556,33.9650)
(52,81.0386,68.7700)
(53,45.4799,33.7093)
(54,74.2640,65.6966)
(55,62.1472,42.2032)
(56,75.5305,64.9857)
(57,72.1508,57.0536)
(58,78.8517,65.3278)
(59,82.1270,74.7425)
(60,85.2748,73.1650)
(61,77.9759,55.2329)
(62,77.9090,53.6645)
(63,77.5871,50.9040)
(64,85.6029,72.8701)
(65,69.4471,37.3962)
(66,84.6082,74.0120)
(67,83.0254,72.5460)
(68,87.5423,81.9820)
(69,86.6358,72.2324)
(70,87.8498,75.9137)
(71,87.5102,72.8695)
(72,87.7386,73.4752)
(73,88.3826,74.5292)
(74,87.1769,69.4063)
(75,88.7849,72.3981)
(76,93.7702,89.0299)
(77,92.9383,87.4628)
(78,93.7082,81.9098)
(79,94.9939,90.1519)
(80,92.9757,79.0671)
(81,96.6064,92.6497)
(82,96.6334,93.0421)
(83,97.8022,94.3187)
(84,96.2560,94.1547)
(85,84.2087,70.9783)
(86,56.0785,39.4272)
(87,75.9524,69.2323)
(88,73.9335,68.2409)
(89,73.5379,66.6667)
(90,71.7702,63.0393)
(91,70.2907,58.3349)
(92,70.7617,60.4413)
(93,72.1985,66.2462)
(94,74.2598,65.8907)
(95,72.4218,69.0031)
(96,73.5012,71.5585)
(97,72.0287,68.8889)
(98,73.2935,69.9854)
(99,60.1326,50.2700)
(100,74.2042,71.5406)
(101,79.6394,67.4568)
(102,79.5166,67.6742)
(103,72.4100,66.0041)
(104,72.3376,66.2192)
(105,70.7901,62.0999)
(106,72.2275,66.0846)
(107,72.3985,67.4674)
(108,73.4555,68.3731)
(109,10.3612,12.2255)
(110,11.6631,13.3344)
(111,7.7526,13.1096)
(112,87.7500,74.2311)
(113,88.9041,78.4266)
(114,87.9316,76.6875)
(115,88.2769,76.7185)
(116,86.0097,72.9529)
(117,87.2917,74.7807)
(118,86.5183,74.2246)
(119,88.3547,75.5946)
(120,87.9979,73.9187)
(121,88.3853,74.7520)
(122,87.2848,73.1868)
(123,86.9752,72.9815)
(124,87.2765,73.1266)
(125,86.5997,72.2868)
(126,86.1270,71.5459)
(127,84.8265,67.9295)
(128,84.2006,67.9800)
(129,86.0586,71.5981)
(130,85.2481,69.0613)
(131,86.0823,69.2000)
(132,84.0796,66.8564)
(133,85.0258,68.2282)
(134,83.0809,65.6985)
(135,83.3002,66.4937)
(136,84.2990,68.1152)
(137,84.4956,68.7245)
(138,84.0519,68.0641)
(139,83.3863,67.1142)
(140,80.7047,63.3569)
(141,81.1362,63.4445)
(142,82.1289,65.8478)
(143,87.5323,73.7334)
(144,89.5634,78.4143)
(145,90.4910,81.5143)
(146,91.0579,82.1422)
(147,89.9585,81.0586)
(148,89.6900,79.8689)
(149,88.3647,77.7696)
(150,88.8455,77.8141)
(151,85.2075,71.8807)
(152,90.5341,80.4634)
(153,89.1743,78.2787)
(154,86.6233,76.3258)
(155,87.2547,78.0892)
(156,87.9121,79.9020)
(157,85.4672,74.7489)
(158,84.5187,74.0546)
(159,86.3969,75.9003)
(160,86.0824,75.5067)
(161,86.8896,75.5882)
(162,87.2264,76.1403)
(163,84.9805,74.6294)
(164,90.3785,81.2719)
(165,85.8838,71.1346)
(166,86.8852,72.9555)
(167,90.0623,78.4155)
(168,90.2866,81.0051)
(169,87.8097,77.6524)
(170,89.8837,81.0603)
(171,91.0898,82.8801)
(172,91.1545,83.7328)
(173,89.9517,80.7727)
(174,89.5696,80.2146)
(175,88.7688,79.2449)
(176,87.7322,77.4223)
(177,88.5741,80.8872)
(178,88.0661,79.7735)
(179,88.2669,79.1586)
(180,88.5504,79.8955)
(181,87.7433,77.3321)
(182,87.0913,74.7285)
(183,84.2874,70.2981)
(184,83.1089,68.2884)
(185,87.9161,76.8180)
(186,89.9485,80.3964)
(187,90.3167,80.8099)
(188,89.7276,79.5510)
(189,86.8391,75.3389)
(190,89.5964,80.8603)
(191,86.7249,74.3585)
(192,88.0328,76.9960)
(193,85.3206,70.5065)
(194,82.5352,69.1850)
(195,83.4759,70.6971)
(196,87.2703,75.2183)
(197,84.8546,72.0631)
(198,82.9317,68.9338)
(199,84.9257,71.5628)
(200,84.3305,69.9878)
(201,84.8006,71.9056)
(202,86.9166,76.1463)
(203,85.3768,72.2173)
(204,82.8881,67.4798)
(205,83.3216,67.7795)
(206,82.5599,65.9876)
(207,82.0794,65.5963)
(208,83.2004,68.5490)
(209,81.5046,65.1749)
(210,75.6497,59.5901)
(211,77.8748,60.6120)
(212,74.7235,57.1829)
(213,77.6069,60.2464)
(214,78.8213,59.2495)
(215,75.9070,58.2028)
(216,74.0448,54.0878)
(217,77.0206,58.6813)
(218,78.1030,60.9056)
(219,74.6500,55.2263)
(220,72.9616,51.2413)
(221,72.4730,51.2010)
(222,71.9279,51.0923)
(223,73.4487,52.3952)
(224,78.4101,59.5238)
(225,81.3182,64.2869)
(226,77.7273,57.9181)
(227,73.7922,52.2944)
(228,73.0915,46.9474)
(229,76.2358,53.1652)
(230,74.2686,54.1890)
(231,76.5213,58.5530)
(232,75.7587,56.2053)
(233,75.9274,55.1856)
(234,76.5392,55.6183)
(235,77.5192,57.5409)
(236,74.8020,54.7112)
(237,76.5330,55.9503)
(238,77.0046,56.9620)
(239,74.9640,54.5903)
(240,73.2396,52.5566)
(241,72.6030,53.5023)
(242,70.8794,52.4835)
(243,71.4259,53.3138)
(244,71.4575,52.1804)
(245,70.4813,49.7969)
(246,75.4594,56.1057)
(247,74.5059,55.4022)
(248,73.7203,54.0410)
(249,74.7102,55.9975)
(250,75.4235,56.8761)
(251,74.1875,53.2355)
(252,75.4970,56.7807)
(253,74.0068,54.8775)
(254,69.8778,47.6758)
(255,67.8188,44.6954)
(256,67.7643,45.2371)
(257,67.7222,44.2652)
(258,67.6341,44.8112)
(259,68.1436,46.0904)
(260,70.5934,50.1859)
(261,71.3608,51.7335)
(262,73.6461,55.4483)
(263,71.7307,52.8430)
(264,71.8472,54.5080)
(265,79.2943,64.8029)
(266,74.0759,55.7431)
(267,68.3080,45.6251)
(268,70.6332,48.9888)
(269,32.9055,24.6382)
(270,35.6263,25.1010)
(271,32.5668,23.6433)
(272,37.5885,25.8261)
(273,31.4870,28.4409)
(274,32.7459,30.6134)
(275,31.9959,24.5587)
(276,33.9911,27.8590)
(277,35.4825,30.6656)
(278,34.8417,28.4252)
(279,36.1303,31.5655)
(280,34.2403,31.9843)
(281,35.6386,32.2713)
(282,38.6517,30.5656)
(283,37.9893,31.4556)
(284,36.7642,29.9195)
(285,35.0788,30.6562)
(286,33.9682,29.9606)
(287,33.6043,26.9963)
(288,34.6849,25.2202)
(289,37.1842,26.4803)
(290,36.6427,27.1674)
(291,33.3111,27.0857)
(292,35.5209,25.4974)
(293,32.1783,25.4379)
(294,32.4189,24.8329)
(295,34.5534,25.9412)
(296,33.9699,27.1958)
(297,32.9173,22.6265)
(298,30.2912,23.2489)
(299,30.0131,21.9720)
(300,29.2558,21.3691)
(301,28.1018,20.0453)
(302,27.4809,22.3488)
(303,24.0296,18.9620)
(304,24.3763,17.4691)
(305,26.2771,20.2103)
(306,26.3387,22.6558)
(307,23.8839,23.7831)
(308,23.8909,12.2933)
(309,21.2265,4.6661)
(310,21.1692,6.0235)
(311,19.3025,6.7520)
(312,20.8222,6.8608)
(313,19.8826,3.8801)
(314,19.1454,3.4007)
(315,21.2020,4.5219)
(316,18.2108,2.3179)
(317,11.1975,8.8982)
(318,14.8547,10.2576)
(319,18.4027,3.6353)
(320,20.6492,0.0000)
(321,22.0882,1.8210)
(322,23.4365,0.3466)
(323,22.6225,1.9819)
(324,23.6044,0.6830)
(325,24.6172,0.0912)
(326,23.6794,0.0000)
(327,24.3392,0.5701)
(328,24.9672,0.0000)
(329,29.3031,0.7076)
(330,29.2707,2.0091)
(331,26.5708,1.6209)
(332,27.0604,0.7300)
(333,28.4883,0.0787)
(334,30.7587,0.9550)
(335,29.0907,3.1836)
(336,29.3869,1.7454)
(337,28.4592,1.2144)
(338,26.5593,1.0965)
(339,25.0143,0.9425)
(340,24.2106,2.7038)
(341,25.0124,2.9202)
(342,23.9726,4.5869)
(343,23.3141,7.8132)
(344,26.5299,4.1453)
(345,28.0168,5.9317)
(346,26.2887,6.5237)
(347,25.3911,5.9944)
(348,27.0802,6.2445)
(349,26.1980,7.4465)
(350,28.3601,9.1301)
(351,17.8761,12.8471)
(352,22.9722,10.5208)
(353,22.2685,6.3326)
(354,20.2340,10.5906)
(355,22.1243,10.1638)
(356,18.8898,13.3273)
(357,21.9839,10.2383)
(358,15.3846,10.0261)
(359,21.1353,11.7097)
(360,19.6203,8.0706)
(361,23.3700,9.6185)
(362,26.4346,12.6539)
(363,24.5048,14.0101)
(364,30.8722,15.7968)
(365,29.0074,16.8770)
(366,32.9418,17.4248)
(367,30.5617,17.5099)
(368,31.9611,18.6557)
(369,32.6333,21.4469)
(370,31.9372,18.9959)
(371,28.0852,21.3767)
(372,39.3790,22.4378)
(373,42.3565,21.6381)
(374,41.5237,20.1038)
(375,34.9274,16.5422)
(376,31.3911,16.1695)
(377,25.5909,14.4154)
(378,24.1833,13.6235)
(379,22.5784,7.9320)
(380,14.2437,11.0739)
(381,13.9114,10.1362)
(382,14.3306,9.7882)
(383,16.3759,9.9144)
(384,18.7399,11.3074)
(385,17.0820,9.1060)
(386,18.0759,9.9774)
(387,22.6282,10.2618)
(388,23.5070,12.3956)
(389,23.8178,13.5114)
(390,21.1963,12.6558)
(391,22.7324,13.0264)
(392,18.6028,11.5979)
(393,18.2357,8.6289)
(394,17.6060,10.3774)
(395,20.2588,12.1957)
(396,20.7885,9.3623)
(397,19.6168,9.2455)
(398,19.3827,7.9271)
(399,21.6848,10.3956)
(400,20.1685,10.5542)
(401,19.1604,8.4003)
(402,19.3763,8.5992)
(403,18.4435,7.1929)
(404,22.7065,9.4989)
(405,23.7166,9.4095)
(406,24.6132,11.3739)
(407,24.2192,10.8639)
(408,25.0689,10.7700)
(409,24.4069,9.3145)
(410,24.8922,9.4373)
(411,27.6737,14.8518)
(412,27.4601,14.4328)
(413,28.9968,14.3830)
(414,27.2350,13.3463)
(415,28.7694,15.6067)
(416,30.7368,15.1087)
(417,30.6560,18.6118)
(418,30.9309,15.4094)
(419,29.1985,13.1898)
(420,29.4684,13.7469)
(421,31.1465,17.2610)
(422,28.8534,15.5347)
(423,31.4794,17.8519)
(424,30.8619,17.6375)
(425,32.1781,18.1469)
(426,31.7370,19.3226)
(427,32.3819,18.2285)
(428,32.7520,18.4885)
(429,32.4188,19.0762)
(430,32.6664,19.4600)
(431,33.3573,19.0947)
(432,33.0057,19.6531)
(433,33.3351,19.6929)
(434,33.5184,19.2440)
(435,33.8814,19.2248)
(436,33.4775,18.6716)
(437,33.6216,19.0380)
(438,33.8238,19.1982)
(439,33.5287,18.7614)
(440,33.2957,19.1024)
(441,32.8691,18.5290)
(442,33.7536,18.7912)
(443,32.5633,18.7791)
(444,32.7395,18.9337)
(445,32.8333,18.8998)
(446,33.1352,19.3937)
(447,32.7115,19.7889)
(448,32.6360,19.5935)
(449,33.0539,19.4936)
(450,32.3553,19.1940)
(451,32.7503,18.8407)
(452,32.6970,18.7985)
(453,32.7208,18.5185)
(454,32.5874,19.1823)
(455,32.2447,18.5304)
(456,32.4598,18.9494)
(457,32.4487,18.7069)
(458,32.2612,18.2393)
(459,31.8577,17.6371)
(460,31.8686,17.7292)
(461,31.3158,17.0621)
(462,31.1608,16.7465)
(463,31.2669,17.0561)
(464,31.4497,17.3286)
(465,31.1527,16.5581)
(466,31.1039,16.2807)
(467,31.2522,16.3814)
(468,30.9079,15.7292)
(469,30.5900,15.5781)
(470,30.7568,15.3086)
(471,31.0541,16.3004)
(472,31.3236,16.6161)
(473,31.2217,16.5565)
(474,31.5628,16.4630)
(475,31.7633,16.2880)
(476,32.3662,18.3204)
(477,32.6122,18.5040)
(478,32.0921,17.7357)
(479,31.7983,17.2227)
(480,31.7670,17.1295)
(481,31.9502,17.2299)
(482,32.4535,18.3196)
(483,32.4668,18.2152)
(484,32.7696,18.0987)
(485,32.3644,17.4762)
(486,32.3934,17.9202)
(487,32.2926,18.0902)
(488,32.1729,18.0496)
(489,32.0043,18.2359)
(490,31.9242,17.6133)
(491,31.8680,17.4015)
(492,31.8439,17.3103)
(493,31.4214,16.6384)
(494,31.7316,16.6385)
(495,31.5247,16.5568)
(496,31.6584,16.4802)
(497,31.5085,17.3858)
(498,31.4014,17.0421)
(499,31.4191,16.7955)
(500,31.4274,16.4813)
(501,31.3406,16.4617)
(502,31.3483,16.6458)
(503,31.8173,18.0102)
(504,32.1534,18.2668)
(505,32.3078,18.4691)
(506,32.3641,18.2593)
(507,32.7135,18.8407)
(508,32.8316,18.3272)
(509,32.6793,18.2473)
(510,32.0324,16.9561)
(511,32.4007,18.2094)
(512,32.3631,18.0933)
(513,32.2858,17.8212)
(514,31.6251,16.9365)
(515,31.8813,17.8530)
(516,31.7500,17.7659)
(517,31.7517,17.8142)
(518,31.8729,17.4194)
(519,32.7138,19.0107)
(520,32.5011,17.6693)
(521,31.7558,16.7432)
(522,33.1498,16.8452)
(523,33.7765,15.9410)
(524,35.0686,17.9372)
(525,34.3600,18.2265)
(526,34.2132,18.7593)
(527,35.3457,19.6692)
(528,35.1666,20.1970)
(529,33.1453,19.6710)
(530,31.9353,18.1411)
(531,32.6008,18.0465)
(532,31.5886,17.2785)
(533,37.4541,21.5368)
(534,36.7615,19.9767)
(535,36.0764,20.4702)
(536,35.1523,18.0956)
(537,34.9191,18.7303)
(538,34.7647,19.4008)
(539,35.6045,19.5575)
(540,37.7008,18.2189)
(541,35.4397,18.6009)
(542,35.8278,16.0934)
(543,38.1940,19.4854)
(544,35.2787,20.3374)
(545,36.3446,22.4943)
(546,33.3956,18.9059)
(547,34.6150,19.5618)
(548,36.8418,23.8663)
(549,33.8493,20.0580)
(550,34.0075,19.5490)
(551,33.1071,20.0402)
(552,31.4468,18.8487)
(553,36.0138,21.9457)
(554,31.8146,16.3648)
(555,31.9081,19.2982)
(556,33.1197,18.0616)
(557,28.9442,17.0004)
(558,26.0635,14.9315)
(559,25.5958,14.3511)
(560,23.9693,14.4911)
(561,24.1798,14.7917)
(562,25.8260,15.9484)
(563,26.7782,14.9426)
(564,29.9983,13.5394)
(565,22.7866,11.3024)
(566,28.2372,14.3876)
(567,40.8787,7.7272)
(568,39.9221,7.0767)
(569,32.4470,8.8778)
(570,38.3551,7.1827)
(571,43.4455,3.9160)
(572,46.0661,3.9070)
(573,47.8107,9.6487)
(574,50.7132,6.3593)
(575,51.6709,4.8618)
(576,50.5469,3.7790)
(577,46.9608,4.1991)
(578,48.1346,4.3741)
(579,46.2979,4.8293)
(580,45.5259,6.1592)
(581,42.1193,4.8362)
(582,44.1479,5.1216)
(583,37.0304,4.6995)
(584,35.5211,1.8198)
(585,40.1629,5.4881)
(586,38.0531,5.7073)
(587,36.9360,4.3965)
(588,40.8415,5.3980)
(589,38.1542,5.4387)
(590,39.9353,5.7323)
(591,37.1335,3.5607)
(592,32.5691,4.4631)
(593,31.0709,1.3557)
(594,31.1849,0.7783)
(595,30.7814,1.6105)
(596,31.2134,4.8795)
(597,24.3153,8.5301)
(598,21.8838,7.1100)
(599,23.6363,9.6352)
(600,43.5831,10.1370)
(601,40.8920,9.1750)
(602,40.2068,10.8962)
(603,39.1685,10.2036)
(604,19.1724,8.8222)
(605,38.5373,15.0907)
(606,83.0314,71.0107)
(607,82.0958,69.9082)
(608,71.2026,52.1091)
(609,81.3133,67.9930)
(610,86.0577,75.5254)
(611,84.7068,72.6246)
(612,84.1116,70.9168)
(613,85.4262,71.0597)
(614,82.1410,65.8950)
(615,80.8470,64.0528)
(616,80.2200,65.2384)
(617,81.4243,65.6884)
(618,80.4748,63.1961)
(619,80.9230,63.6167)
(620,84.6069,68.6754)
(621,81.2453,61.9570)
(622,80.5292,61.7584)
(623,77.8564,58.1033)
(624,82.1730,62.8649)
(625,80.3473,60.8212)
(626,82.2434,64.4047)
(627,79.9042,61.6213)
(628,81.0973,63.1669)
(629,73.7717,57.2202)
(630,77.4350,59.3613)
(631,78.7874,61.6321)
(632,84.1373,70.5386)
(633,82.3058,65.9790)
(634,80.4932,62.4778)
(635,82.6643,66.9026)
(636,80.8699,65.9017)
(637,80.3606,65.9444)
(638,77.6941,62.5711)
(639,76.1029,58.8576)
(640,68.6459,50.9942)
(641,71.5481,54.2724)
(642,71.0012,52.0126)
(643,66.6535,47.9542)
(644,61.4614,42.5006)
(645,63.7972,42.7206)
(646,63.7821,43.6066)
(647,65.4374,50.3925)
(648,66.0863,46.7119)
(649,67.1899,51.0602)
(650,69.0711,49.6977)
(651,69.6065,52.4643)
(652,71.1938,56.7286)
(653,65.0818,48.5699)
(654,62.7092,44.0465)
(655,56.5896,40.2544)
(656,57.2814,37.7625)
(657,26.5264,25.7810)
(658,17.5552,20.3194)
(659,58.2668,37.3772)
(660,54.0603,35.3947)
(661,61.8427,44.2678)
(662,68.4523,52.7374)
(663,70.3144,52.8492)
(664,41.5848,20.4713)
(665,29.0702,17.3613)
(666,23.9413,21.6563)
(667,64.1364,48.1906)
(668,28.7690,18.0388)
(669,23.4833,18.5138)
(670,37.0608,14.7845)
(671,38.7801,20.3842)
(672,39.9024,20.5595)
(673,36.6777,16.2732)
(674,47.4183,25.2854)
(675,52.8276,38.2129)
(676,53.3899,39.4130)
(677,11.6698,13.6521)
(678,49.1041,29.8493)
(679,44.0258,24.5539)
(680,47.1016,25.7636)
(681,50.9521,27.8555)
(682,49.3629,28.7073)
(683,50.0510,30.5541)
(684,53.0983,32.1713)
(685,49.9610,26.5375)
(686,55.1668,29.0630)
(687,57.9165,30.7703)
(688,60.0232,32.6583)
(689,58.0731,31.2369)
(690,53.5552,27.9579)
(691,50.6444,22.3578)
(692,52.9187,22.3424)
(693,52.6190,20.7030)
(694,49.8942,16.8077)
(695,49.0163,19.4521)
(696,49.4578,19.0322)
(697,45.3137,10.8850)
(698,46.4674,17.2213)
(699,47.3526,18.8245)
(700,46.9983,21.7461)
(701,49.8065,20.4099)
(702,48.9955,21.4417)
(703,51.1317,20.8579)
(704,53.6385,20.6930)
(705,55.6331,22.0467)
(706,54.6630,22.4700)
(707,54.9748,23.9906)
(708,53.7831,21.2061)
(709,53.1782,20.6566)
(710,50.1529,20.6097)
(711,50.9816,21.2185)
(712,49.3699,18.6921)
(713,50.5443,19.7263)
(714,49.1584,18.5754)
(715,28.6879,10.9037)
(716,26.7167,9.3308)
(717,48.3677,20.9211)
(718,9.5378,8.9757)
(719,36.2306,16.9464)
(720,10.3313,9.5692)
(721,15.8784,10.0673)
(722,10.3120,11.9420)
(723,8.8398,16.2366)
(724,6.6940,14.2275)
(725,12.3922,17.6812)
(726,30.5790,20.4465)
(727,39.0411,21.5029)
(728,40.5862,25.4189)
(729,42.6509,28.0597)
(730,42.9435,29.0766)
(731,41.4756,21.6949)
(732,38.2876,22.8381)
(733,40.1066,16.9009)
(734,44.3163,21.6330)
(735,17.2820,6.7595)
(736,46.7072,30.5294)
(737,47.5671,30.8684)
(738,56.3151,28.8917)
(739,17.8586,6.5464)
(740,47.2077,29.2978)
(741,43.4107,31.8304)
(742,41.2575,26.6459)
(743,40.5072,32.0983)
(744,39.8037,35.2304)
(745,40.6524,36.8157)
(746,44.7483,32.2697)
(747,49.0629,27.5901)
(748,54.6427,31.4242)
(749,54.7548,33.1966)
(750,50.3013,36.8816)
(751,50.8845,34.7137)
(752,54.0156,38.0552)
(753,53.1433,36.6865)
(754,49.2025,33.3121)
(755,56.8868,40.5096)
(756,58.8495,38.0266)
(757,56.6016,39.9511)
(758,54.3476,32.6157)
(759,54.9955,35.5186)
(760,53.3261,34.0315)
(761,51.1451,33.1843)
(762,47.4056,31.0090)
(763,44.3385,27.7705)
(764,43.1579,27.7005)
(765,39.9260,25.7539)
(766,36.8208,23.9657)
(767,39.5789,23.7456)
(768,36.3406,24.1928)
(769,35.9497,26.2357)
(770,37.3380,22.6420)
(771,36.2952,21.4321)
(772,33.1734,21.9785)
(773,36.1992,25.3170)
(774,39.7433,24.8763)
(775,25.6031,8.9391)
(776,19.3426,5.8491)
(777,16.4131,5.6619)
(778,23.6821,7.9337)
(779,22.2921,6.3735)
(780,28.2990,7.8326)
(781,28.5272,7.8191)
(782,27.8414,8.9407)
(783,29.2848,10.7732)
(784,20.8105,7.4348)
(785,24.2032,9.6655)
(786,23.1015,8.6399)
(787,23.5869,7.7901)
(788,23.7565,11.0053)
(789,28.9643,9.7751)
(790,26.6393,8.5648)
(791,26.0899,8.0449)
(792,33.5375,10.2701)
(793,35.2587,12.2608)
(794,37.1506,12.2994)
(795,31.6655,9.4589)
(796,30.3171,10.4352)
(797,28.3109,9.1047)
(798,33.7991,13.2654)
(799,31.7357,12.0260)
(800,32.2689,9.8280)
(801,30.4318,10.4223)
(802,26.1705,10.1778)
(803,22.1717,7.7696)
(804,17.9709,5.2993)
(805,19.3785,6.1904)
(806,21.0622,7.6127)
(807,30.7573,12.1837)
(808,30.6001,13.3593)
(809,32.7584,13.6935)
(810,32.6862,14.9884)
(811,29.7223,13.0001)
(812,31.2952,11.5472)
(813,34.5763,11.3296)
(814,35.0714,12.1997)
(815,36.4608,11.4150)
(816,34.4672,13.0012)
(817,39.5647,14.4308)
(818,40.6675,15.2092)
(819,34.6294,14.1935)
(820,32.0352,13.6741)
(821,33.2817,14.7122)
(822,33.1367,15.9366)
(823,32.9274,18.1834)
(824,31.9175,19.1266)
(825,31.5244,17.8753)
(826,32.9484,15.8256)
(827,30.3738,17.5966)
(828,30.2499,18.3631)
(829,34.7077,20.5434)
(830,32.4742,19.2708)
(831,32.9512,17.8997)
(832,32.9098,15.9412)
(833,30.0517,17.1364)
(834,29.3097,16.0933)
(835,29.3673,17.9776)
(836,28.8948,17.6348)
(837,32.7566,16.6553)
(838,31.7599,15.4797)
(839,35.2268,17.7199)
(840,35.7070,16.3130)
(841,29.4579,19.0880)
(842,28.7594,15.7074)
(843,30.0431,15.9131)
(844,31.1199,17.5904)
(845,31.6254,19.1326)
(846,27.4575,16.3750)
(847,29.0797,15.0041)
(848,28.2948,17.2208)
(849,32.2419,17.0508)
(850,30.7004,15.0680)
(851,35.2027,21.5561)
(852,30.3707,16.8656)
(853,32.2598,15.2706)
(854,31.2837,12.8960)
(855,31.1774,11.6335)
(856,35.0646,11.6507)
(857,37.5243,13.0812)
(858,34.8059,13.0876)
(859,31.7649,15.1944)
(860,29.1196,12.7679)
(861,30.8133,12.5086)
(862,34.4262,12.2080)
(863,39.4047,13.0783)
(864,39.8546,16.1245)
(865,45.9726,15.0252)
(866,43.8429,13.3865)
(867,50.2325,16.0555)
(868,57.2949,18.3142)
(869,64.2726,32.0833)
(870,63.3125,27.5873)
(871,64.3741,26.2745)
(872,66.7821,26.6474)
(873,65.6326,36.5827)
(874,63.3349,33.3079)
(875,59.5394,23.7915)
(876,63.0394,28.4514)
(877,57.5011,25.1215)
(878,56.4655,21.6410)
(879,59.7596,25.0201)
(880,62.7095,28.2521)
(881,70.8384,36.1478)
(882,68.1916,38.0506)
(883,74.7986,37.6075)
(884,76.6496,45.7870)
(885,74.4764,41.7928)
(886,69.6664,38.2125)
(887,69.1837,28.3686)
(888,67.7259,29.9983)
(889,67.7459,30.2174)
(890,70.3059,39.4332)
(891,62.8808,26.8899)
(892,62.2415,25.5278)
(893,64.1889,24.9023)
(894,62.1471,25.2005)
(895,68.5301,29.6726)
(896,66.4118,23.2470)
(897,63.4839,22.8331)
(898,61.4557,26.2588)
(899,60.3824,27.8912)
(900,62.6490,27.7384)
(901,57.2531,23.1643)
(902,55.6020,24.6845)
(903,48.6835,19.8843)
(904,54.1625,19.7244)
(905,49.2855,17.0921)
(906,42.4522,14.8640)
(907,46.0908,16.7844)
(908,50.6419,20.6271)
(909,51.9447,26.6689)
(910,57.7601,34.4355)
(911,61.3356,40.0182)
(912,58.0316,28.9274)
(913,50.1054,23.5500)
(914,51.9402,24.6715)
(915,40.7810,22.2108)
(916,33.8014,15.6640)
(917,34.1346,14.8567)
(918,41.6385,15.8035)
(919,48.0701,17.3726)
(920,49.2781,24.4789)
(921,43.9940,14.9350)
(922,48.1840,18.5319)
(923,51.0751,28.7946)
(924,46.7393,20.9391)
(925,48.9848,21.7476)
(926,45.5484,19.5777)
(927,39.0141,15.9913)
(928,38.2774,15.7895)
(929,27.9297,11.9922)
(930,37.1529,16.9067)
(931,30.0511,16.9837)
(932,33.7834,17.9142)
(933,37.2043,18.0538)
(934,37.6385,16.0884)
(935,35.9055,16.3168)
(936,40.0334,14.5025)
(937,32.2506,14.7799)
(938,43.4484,18.1984)
(939,34.9746,18.0816)
(940,32.3812,16.3406)
(941,35.3792,19.1027)
(942,33.9491,17.3013)
(943,35.1826,17.7886)
(944,36.1334,18.7262)
(945,35.0048,17.3606)
(946,32.8000,17.3205)
(947,33.7124,19.4248)
(948,35.1081,18.2872)
(949,35.7514,18.9704)
(950,50.9524,21.6023)
(951,42.2269,20.2162)
(952,48.3136,21.6046)
(953,47.7584,22.6385)
(954,44.7514,22.1766)
(955,43.3956,21.5265)
(956,67.4452,27.9581)
(957,61.4482,26.2369)
(958,50.6506,22.3389)
(959,50.1829,22.7770)
(960,47.2008,21.0324)
(961,54.3590,22.6704)
(962,63.3720,27.8467)
(963,60.4661,24.7767)
(964,46.5523,20.2331)
(965,44.9363,21.6448)
(966,47.0287,22.3118)
(967,55.7058,22.9011)
(968,54.8447,22.7208)
(969,54.5004,21.9213)
(970,45.8516,20.4077)
(971,45.8437,22.6345)
(972,54.3838,23.0133)
(973,48.1447,21.0399)
(974,50.8565,24.3902)
(975,54.0194,23.8115)
(976,51.3238,21.5863)
(977,49.2909,21.6041)
(978,44.9670,21.9906)
(979,46.1375,21.4552)
(980,37.3683,19.8357)
(981,37.1529,20.4839)
(982,48.2201,22.3833)
(983,36.0577,19.3676)
(984,42.2281,21.3466)
(985,37.8416,20.5695)
(986,44.0317,22.7592)
(987,48.5426,23.4676)
(988,47.2791,23.0096)
(989,44.4213,22.6631)
(990,48.7800,24.9613)
(991,54.1966,24.0789)
(992,58.0721,25.4194)
(993,53.3176,24.9694)
(994,42.3931,21.1294)
(995,46.4120,23.2859)
(996,44.5516,22.1998)
(997,52.8842,24.1949)
(998,53.3013,27.5125)
(999,58.4173,29.4868)
(1000,43.9622,20.9347)
(1001,45.3454,22.8273)
(1002,44.1203,22.1738)
(1003,43.6448,20.5353)
(1004,50.5186,26.1968)
(1005,49.5816,21.8251)
(1006,41.9718,20.0227)
(1007,36.9892,20.9598)
(1008,49.5345,24.1159)
(1009,47.5884,21.9869)
(1010,46.9676,21.7598)
(1011,56.2119,27.8925)
(1012,38.6553,19.5334)
(1013,34.8576,20.1662)
(1014,40.6080,19.4087)
(1015,44.8326,20.7023)
(1016,41.0425,21.0363)
(1017,32.3024,19.2057)
(1018,33.0895,19.5391)
(1019,34.6643,20.3164)
(1020,36.0878,21.0484)
(1021,40.0866,21.1450)
(1022,38.9542,21.0358)
(1023,37.0376,20.0847)
(1024,40.3090,19.8715)
(1025,34.7064,18.6957)
(1026,38.0354,19.5277)
(1027,38.2921,19.6195)
(1028,40.3201,20.3002)
(1029,36.7556,19.5628)
(1030,37.0524,19.2463)
(1031,35.0194,18.3335)
(1032,41.8624,20.1296)
(1033,43.3350,20.5611)
(1034,41.3266,21.4958)
(1035,42.0846,20.9064)
(1036,42.0657,20.9500)
(1037,42.9612,21.3593)
(1038,41.4494,20.9845)
(1039,40.8368,20.3996)
(1040,40.8527,19.0091)
(1041,38.4405,19.7498)
(1042,38.7540,21.1863)
(1043,42.4420,21.5250)
(1044,41.4286,20.6209)
(1045,40.6441,21.0971)
(1046,39.3570,21.4412)
(1047,43.1739,21.9497)
(1048,44.9786,22.3827)
(1049,38.8594,20.6551)
(1050,35.7838,17.5490)
(1051,37.7119,18.0804)
(1052,40.9211,21.8200)
(1053,40.4813,19.6152)
(1054,42.6849,20.6184)
(1055,39.8591,21.1896)
(1056,37.1728,18.1106)
(1057,37.2441,19.0646)
(1058,32.2762,17.3892)
(1059,38.0046,21.8630)
(1060,39.1361,23.7672)
(1061,40.3366,22.2209)
(1062,40.6830,23.1044)
(1063,43.0743,28.3339)
(1064,42.0980,20.2587)
(1065,39.2795,22.2236)
(1066,40.9259,26.0546)
(1067,48.3421,26.8315)
(1068,51.0850,28.7876)
(1069,42.8365,27.6742)
(1070,37.4894,23.4942)
(1071,39.4164,24.3395)
(1072,40.7700,24.8570)
(1073,39.0584,21.9985)
(1074,35.1454,19.9089)
(1075,41.7757,24.3209)
(1076,47.7941,22.4984)
(1077,37.7747,20.0095)
(1078,40.0032,20.8780)
(1079,41.9444,19.7673)
(1080,41.4107,20.7495)
(1081,41.1588,21.5039)
(1082,45.9168,23.9595)
(1083,48.4613,28.5158)
(1084,58.5591,35.1293)
(1085,58.1562,37.4223)
(1086,53.8384,32.1674)
(1087,55.7271,32.7522)
(1088,48.7027,24.2923)
(1089,45.5495,22.4997)
(1090,39.7713,21.1796)
(1091,39.7554,21.8797)
(1092,41.0437,21.8538)
(1093,38.0264,20.0744)
(1094,40.9863,20.7531)
(1095,38.2710,20.9589)
(1096,44.9648,22.0528)
(1097,41.1864,20.5832)
(1098,38.7729,19.9666)
(1099,42.4115,21.5686)
(1100,47.1892,25.3023)
(1101,45.6803,22.3875)
(1102,47.4758,23.1163)
(1103,44.8973,22.0216)
(1104,44.8744,20.3228)
(1105,48.7805,19.4422)
(1106,51.7195,27.8009)
(1107,53.0116,28.4746)
(1108,55.5733,29.5051)
(1109,51.0939,21.7576)
(1110,47.2108,24.2412)
(1111,45.9180,24.6889)
(1112,50.5394,23.1365)
(1113,47.9353,26.4613)
(1114,45.6926,28.7474)
(1115,46.7315,27.5916)
(1116,54.7910,41.0238)
(1117,51.7457,33.5917)
(1118,54.2890,38.7229)
(1119,57.8937,39.9734)
(1120,57.0077,35.9302)
(1121,60.2368,34.9354)
(1122,58.8796,38.3232)
(1123,57.4130,39.0830)
(1124,55.8153,34.8168)
(1125,56.3552,31.6502)
(1126,58.6236,34.3849)
(1127,58.0721,29.7371)
(1128,60.2822,27.7021)
(1129,55.8476,29.6092)
(1130,57.8201,32.2993)
(1131,53.5650,28.5762)
(1132,49.2650,25.5721)
(1133,52.3216,26.8255)
(1134,52.4547,27.0887)
(1135,54.6868,32.2911)
(1136,56.8057,30.0296)
(1137,57.1159,29.8164)
(1138,55.7098,28.4160)
(1139,52.4416,22.9206)
(1140,57.2163,25.1586)
(1141,55.0611,23.1279)
(1142,55.3716,23.7031)
(1143,53.7026,23.6916)
(1144,56.7600,25.1829)
(1145,54.3427,21.9784)
(1146,51.8918,19.9458)
(1147,56.2195,27.0696)
(1148,59.0136,25.4867)
(1149,56.7934,21.5037)
(1150,53.0843,20.8476)
(1151,53.6853,26.0617)
(1152,52.4330,20.3273)
(1153,53.9571,25.3961)
(1154,49.5092,20.5016)
(1155,54.1600,27.1351)
(1156,52.9156,22.1950)
(1157,51.3493,21.1987)
(1158,48.9409,20.7853)
(1159,49.2715,23.5863)
(1160,50.2731,20.6930)
(1161,47.6390,19.0363)
(1162,47.7449,22.4511)
(1163,47.3342,18.7985)
(1164,48.4243,25.1612)
(1165,47.7682,22.0209)
(1166,42.3569,21.4339)
(1167,39.2322,19.2458)
(1168,47.0055,23.4465)
(1169,43.3423,20.5324)
(1170,40.9059,21.3011)
(1171,39.8875,20.2400)
(1172,41.5058,21.2594)
(1173,41.5840,19.5854)
(1174,38.9223,19.7729)
(1175,37.8440,18.3042)
(1176,42.3836,20.4521)
(1177,40.4847,19.2017)
(1178,36.3957,18.5956)
(1179,35.8152,17.3249)
(1180,39.2393,18.6982)
(1181,38.1493,17.8405)
(1182,38.4882,17.7587)
(1183,34.2377,16.6404)
(1184,37.0762,17.8309)
(1185,38.4690,18.5820)
(1186,36.3455,17.1312)
(1187,32.5384,17.1588)
(1188,35.8081,17.1493)
(1189,38.5225,17.7635)
(1190,37.4941,16.6406)
(1191,35.2592,16.3536)
(1192,40.0106,18.5412)
(1193,45.8813,23.1984)
(1194,51.7241,27.7636)
(1195,50.4356,27.9133)
(1196,52.4472,28.6805)
(1197,54.6140,30.8880)
(1198,57.3071,33.1221)
(1199,55.4038,31.3706)
(1200,59.1978,34.2129)
(1201,39.2295,21.3385)
(1202,54.9955,31.5286)
(1203,55.0682,31.8812)
(1204,55.8251,32.5412)
(1205,50.8716,28.0094)
(1206,52.9479,31.0168)
(1207,54.3226,30.9622)
(1208,55.4129,30.8725)
(1209,50.3650,25.7685)
(1210,52.4063,27.4992)
(1211,53.8194,29.4051)
(1212,55.1242,32.2489)
(1213,55.6729,33.0719)
(1214,47.0139,24.1534)
(1215,50.3393,21.8396)
(1216,44.9326,22.1083)
(1217,44.4200,20.0669)
(1218,43.4715,13.0968)
(1219,43.5727,14.4970)
(1220,45.3874,17.8958)
(1221,54.9024,17.1759)
(1222,47.6078,14.2054)
(1223,50.2460,13.8681)
(1224,35.5897,8.6921)
(1225,40.2281,9.8990)
(1226,35.7618,7.3943)
(1227,41.3441,9.7891)
(1228,38.9480,9.5575)
(1229,47.3778,9.2291)
(1230,38.3974,7.4552)
(1231,29.9806,5.5604)
(1232,32.8886,6.7807)
(1233,47.1994,10.1294)
(1234,43.7452,18.7078)
(1235,42.7210,17.3088)
(1236,42.4739,19.7531)
(1237,43.3840,17.8208)
(1238,43.7887,18.1911)
(1239,42.9679,18.0449)
(1240,43.5526,19.0944)
(1241,43.1766,18.2646)
(1242,42.9462,18.4660)
(1243,41.8318,17.2188)
(1244,42.0455,17.0318)
(1245,41.7552,18.1091)
(1246,41.7063,18.0461)
(1247,42.4387,17.1782)
(1248,41.4989,16.6856)
(1249,41.9746,16.4539)
(1250,41.6867,16.4226)
(1251,41.7636,16.4031)
(1252,41.5911,16.4334)
(1253,41.7008,16.3655)
(1254,42.7165,15.9941)
(1255,42.3848,17.0092)
(1256,43.0940,16.4199)
(1257,43.7007,17.0732)
(1258,43.2950,17.1451)
(1259,42.5701,17.4329)
(1260,42.6511,16.5969)
(1261,42.5710,17.6987)
(1262,43.4111,19.0953)
(1263,42.8391,17.9238)
(1264,43.0929,17.6639)
(1265,42.8991,16.1184)
(1266,42.6370,16.9337)
(1267,41.6580,15.8895)
(1268,41.1161,15.9119)
(1269,41.0535,15.8737)
(1270,41.9434,16.7862)
(1271,42.1466,16.3782)
(1272,41.4431,15.7942)
(1273,42.0135,16.7178)
(1274,41.3387,16.0757)
(1275,39.1776,15.6902)
(1276,38.4238,15.0580)
(1277,40.0819,15.7716)
(1278,40.0337,15.2990)
(1279,39.4720,15.7019)
(1280,38.8832,15.2267)
(1281,38.4131,15.1571)
(1282,37.5659,15.7695)
(1283,41.2726,17.1438)
(1284,41.0252,16.7674)
(1285,42.1228,17.5344)
(1286,41.9572,17.5824)
(1287,41.6941,16.0982)
(1288,41.9113,16.5361)
(1289,42.1358,15.8661)
(1290,41.7410,15.4421)
(1291,41.9952,15.9383)
(1292,41.9036,15.8716)
(1293,41.6075,15.3932)
(1294,41.7253,15.9268)
(1295,41.9416,16.8063)
(1296,42.1426,16.7483)
(1297,41.9952,16.2796)
(1298,42.4035,16.6518)
(1299,42.4649,16.3790)
(1300,42.2508,16.1101)
(1301,41.5415,15.5696)
(1302,41.6264,16.2602)
(1303,41.5257,15.9373)
(1304,40.7051,15.6351)
(1305,40.9679,14.8443)
(1306,40.9029,15.6400)
(1307,41.0644,15.5638)
(1308,41.4292,15.4101)
(1309,40.3554,14.3515)
(1310,41.8858,16.6834)
(1311,40.9766,14.6126)
(1312,40.0660,14.9994)
(1313,41.8660,14.3624)
(1314,42.1124,15.2661)
(1315,42.4576,15.5755)
(1316,41.9306,15.0354)
(1317,41.8060,14.2499)
(1318,42.7910,15.3088)
(1319,42.8910,15.9974)
(1320,42.4706,15.6054)
(1321,42.4753,15.9201)
(1322,42.5932,16.6778)
(1323,42.9321,16.7238)
(1324,42.4808,16.3200)
(1325,42.2955,17.0718)
(1326,42.6866,17.1447)
(1327,42.5982,17.5763)
(1328,42.5780,17.7267)
(1329,42.1945,17.3119)
(1330,41.1562,17.4229)
(1331,39.2231,17.0906)
(1332,42.8137,17.6217)
(1333,43.0943,17.3314)
(1334,38.5442,17.4053)
(1335,39.6649,17.7765)
(1336,41.6362,18.5227)
(1337,40.6264,17.6269)
(1338,40.0218,18.2262)
(1339,42.6612,17.0844)
(1340,43.3906,17.4122)
(1341,42.8603,16.9008)
(1342,43.4060,17.3679)
(1343,43.1563,17.6356)
(1344,43.1822,17.2028)
(1345,42.7265,17.1108)
(1346,42.6118,17.1829)
(1347,41.6326,16.8144)
(1348,41.1858,17.5573)
(1349,41.5089,17.0473)
(1350,41.6644,17.4366)
(1351,42.0261,17.1389)
(1352,42.2561,16.9243)
(1353,41.5024,16.6567)
(1354,39.9572,16.8473)
(1355,39.7718,16.8387)
(1356,39.8782,17.0107)
(1357,40.3601,17.1408)
(1358,40.2923,17.2610)
(1359,40.5502,17.0803)
(1360,41.0018,17.4557)
(1361,40.1315,17.5882)
(1362,39.9147,18.1633)
(1363,40.2359,18.4056)
(1364,41.2214,17.9640)
(1365,40.9458,17.9672)
(1366,37.7702,17.9638)
(1367,40.7097,17.6039)
(1368,38.4523,17.6456)
(1369,40.9993,16.3832)
(1370,40.7575,17.4473)
(1371,41.7381,17.2166)
(1372,41.4259,16.4701)
(1373,40.8162,17.0631)
(1374,41.3700,16.9403)
(1375,37.2839,17.3086)
(1376,40.9362,15.9025)
(1377,41.2534,16.5430)
(1378,41.0335,16.6155)
(1379,41.4175,16.2298)
(1380,41.2413,16.4010)
(1381,40.8193,15.7595)
(1382,40.6788,15.8214)
(1383,40.7839,15.3402)
(1384,39.4474,17.3998)
(1385,40.5829,15.3410)
(1386,39.4642,17.4260)
(1387,41.2545,16.8104)
(1388,40.1564,16.4136)
(1389,40.9018,16.8782)
(1390,40.9149,17.0558)
(1391,41.5216,17.1545)
(1392,42.0413,17.3933)
(1393,41.7088,16.7054)
(1394,42.3620,17.0360)
(1395,42.2560,17.6632)
(1396,42.4372,18.0320)
(1397,42.4215,17.5574)
(1398,42.7803,18.4413)
(1399,42.3262,19.3071)
(1400,43.2103,18.9487)
(1401,42.2664,19.4886)
(1402,42.4237,19.0293)
(1403,42.1184,19.0054)
(1404,43.3824,18.4798)
(1405,42.2697,17.2735)
(1406,41.9279,16.9064)
(1407,41.5864,16.6948)
(1408,42.3273,17.0140)
(1409,41.3763,16.6885)
(1410,41.8727,17.7356)
(1411,41.6105,15.8993)
(1412,42.0910,16.4289)
(1413,41.7973,17.5878)
(1414,37.1489,16.7458)
(1415,40.3918,18.3626)
(1416,41.7217,18.6552)
(1417,41.5731,18.3561)
(1418,40.2395,17.7620)
(1419,33.4822,15.7602)
(1420,41.5330,15.7559)
(1421,41.7107,16.0212)
(1422,43.1464,17.1813)
(1423,43.3510,17.0215)
(1424,43.3075,17.2548)
(1425,43.7477,18.3437)
(1426,43.4908,18.4961)
(1427,42.6227,17.4918)
(1428,43.9648,18.8653)
(1429,42.1603,18.3067)
(1430,42.9223,18.1902)
(1431,41.1890,17.9709)
(1432,43.2552,18.2186)
(1433,43.3371,18.0633)
(1434,43.8111,18.6339)
(1435,43.8087,19.0607)
(1436,44.0955,19.0400)
(1437,43.9026,18.6630)
(1438,44.0022,18.9403)
(1439,43.7966,19.0669)
(1440,43.8255,18.7766)
(1441,43.2640,18.0975)
(1442,42.6409,18.8994)
(1443,42.2537,16.5009)
(1444,42.4159,16.6239)
(1445,42.4217,16.3170)
(1446,43.0528,16.6945)
(1447,43.9708,18.1255)
(1448,43.8447,18.4733)
(1449,43.6210,18.4619)
(1450,44.0582,18.7550)
(1451,44.0830,18.5113)
(1452,43.8301,18.0805)
(1453,43.9714,18.3720)
(1454,44.5323,18.9724)
(1455,43.6097,17.8804)
(1456,43.5263,17.3351)
(1457,43.5520,17.7042)
(1458,43.3248,17.7987)
(1459,43.2100,17.7430)
(1460,42.9990,17.5644)
(1461,43.5887,18.2636)
(1462,42.9662,18.0449)
(1463,42.7271,18.0002)
(1464,43.2171,18.2945)
(1465,43.8623,18.8653)
(1466,43.4799,18.5349)
(1467,43.6498,17.9149)
(1468,43.5661,17.9819)
(1469,43.6979,18.3217)
(1470,40.8873,18.7402)
(1471,43.7999,18.4873)
(1472,43.7580,18.5560)
(1473,43.5560,18.1486)
(1474,43.1311,18.2005)
(1475,43.4715,18.3903)
(1476,43.1467,18.1041)
(1477,43.4893,18.2254)
(1478,42.9421,18.2330)
(1479,43.0377,18.3158)
(1480,43.4600,18.3973)
(1481,41.8937,19.1715)
(1482,42.8533,19.6041)
(1483,44.1116,19.1158)
(1484,43.7347,18.3305)
(1485,43.7947,18.3095)
(1486,43.5979,18.5879)
(1487,43.8845,18.6569)
(1488,43.2840,18.2616)
(1489,43.5380,18.3480)
(1490,43.6604,18.0604)
(1491,43.5149,18.2157)
(1492,43.7245,18.1520)
(1493,44.0633,18.6350)
(1494,43.6433,18.3076)
(1495,43.3148,18.1047)
(1496,43.6723,18.0963)
(1497,43.8342,18.3994)
(1498,43.5272,18.2985)
(1499,43.5074,18.0948)
(1500,43.6026,18.4174)
(1501,43.4840,18.2909)
(1502,43.5946,18.1694)
(1503,40.1491,17.6905)
(1504,43.0755,17.5817)
(1505,42.7732,17.4813)
(1506,42.4741,16.9322)
(1507,42.5384,16.8936)
(1508,42.7260,16.9167)
(1509,42.6378,17.6093)
(1510,36.8264,17.2480)
(1511,43.2572,18.3438)
(1512,43.7124,18.5262)
(1513,43.8090,18.4119)
(1514,39.2228,17.2449)
(1515,43.8255,19.2097)
(1516,39.4371,17.7184)
(1517,41.7252,18.4452)
(1518,41.8029,18.1029)
(1519,43.8082,18.6552)
(1520,39.6519,17.4893)
(1521,43.4554,18.8229)
(1522,41.1609,18.0082)
(1523,40.2018,17.5893)
(1524,40.2239,17.1082)
(1525,40.5783,17.5834)
(1526,41.2347,18.6662)
(1527,41.7309,17.9270)
(1528,40.4114,16.8647)
(1529,40.7373,17.3168)
(1530,41.2506,17.8884)
(1531,40.1119,17.8927)
(1532,40.6877,17.8033)
(1533,40.7024,17.7357)
(1534,38.6048,17.7845)
(1535,39.4317,18.3494)
(1536,39.4552,17.9227)
(1537,39.4958,18.1101)
(1538,39.7878,16.3247)
(1539,39.6001,17.1868)
(1540,39.9598,16.4353)
(1541,40.8158,18.5406)
(1542,42.0560,19.7033)
(1543,42.1465,19.1968)
(1544,41.6486,17.6438)
(1545,42.0327,17.3630)
(1546,41.5946,18.2218)
(1547,40.5427,17.0234)
(1548,40.1169,16.1391)
(1549,40.2160,19.3914)
(1550,38.7322,18.7514)
(1551,39.4528,17.9895)
(1552,39.9699,17.3510)
(1553,38.1279,16.9143)
(1554,39.2396,16.3609)
(1555,38.7396,18.8360)
(1556,39.3301,18.5017)
(1557,39.6210,17.7891)
(1558,39.3522,17.4567)
(1559,40.1002,17.7017)
(1560,40.2573,17.4453)
(1561,40.0929,18.0843)
(1562,39.0768,15.0734)
(1563,39.1017,16.4601)
(1564,40.0987,16.9992)
(1565,40.2239,16.7262)
(1566,40.7450,17.1395)
(1567,39.5724,17.4121)
(1568,39.9082,16.9890)
(1569,40.3764,17.9281)
(1570,39.4867,17.6397)
(1571,38.6372,17.4779)
(1572,39.0762,18.2279)
(1573,40.3173,17.1416)
(1574,39.6682,18.5232)
(1575,40.2111,17.8247)
(1576,39.7361,16.3860)
(1577,40.9174,17.1454)
(1578,40.9178,17.3502)
(1579,40.9122,18.0513)
(1580,40.8926,18.1589)
(1581,41.0252,18.0075)
(1582,41.6378,18.2631)
(1583,41.1696,18.7879)
(1584,41.3361,19.4345)
(1585,38.4749,20.5808)
(1586,38.1550,20.6420)
(1587,38.9700,19.7148)
(1588,36.1483,18.6768)
(1589,35.3709,19.4729)
(1590,37.2619,19.2463)
(1591,35.3469,18.1414)
(1592,36.7776,22.5806)
(1593,35.6836,21.4791)
(1594,37.2262,18.5178)
(1595,40.7829,16.4713)
(1596,37.1953,16.6173)
(1597,41.3120,15.9706)
(1598,41.6111,15.6878)
(1599,43.2940,15.7951)
(1600,25.3340,10.9502)
(1601,39.4385,15.1328)
(1602,40.6642,14.4507)
(1603,37.8830,15.3474)
(1604,37.6949,14.8778)
(1605,39.5489,17.5702)
(1606,37.6603,17.1582)
(1607,39.2449,16.1254)
(1608,41.4379,19.5556)
(1609,40.2768,18.4666)
(1610,42.3974,21.4993)
(1611,39.8107,16.5351)
(1612,40.3433,20.9538)
(1613,37.1852,16.6112)
(1614,37.9652,15.4278)
(1615,36.8577,13.8233)
(1616,37.5000,14.3519)
(1617,36.4073,16.3433)
(1618,36.5930,15.9203)
(1619,37.7471,15.9345)
(1620,37.3444,15.4103)
(1621,37.0392,15.1554)
(1622,36.8076,14.8572)
(1623,36.4013,13.8362)
(1624,35.4070,13.5175)
(1625,35.7821,12.8457)
(1626,35.4832,12.8438)
(1627,35.2400,11.4450)
(1628,35.3397,12.0390)
(1629,34.7751,11.8660)
(1630,34.6884,11.9741)
(1631,34.9406,11.9717)
(1632,34.7140,11.9933)
(1633,34.7153,11.5903)
(1634,33.9513,10.8565)
(1635,34.7093,11.7535)
(1636,33.6028,11.3622)
(1637,34.9294,11.6818)
(1638,34.0768,10.4319)
(1639,35.1952,11.8032)
(1640,34.7976,12.5242)
(1641,33.5987,11.8499)
(1642,34.5473,11.9185)
(1643,34.2234,11.5072)
(1644,34.1260,11.7318)
(1645,34.1797,11.8585)
(1646,34.5905,11.6378)
(1647,34.7354,12.0854)
(1648,34.6498,11.5986)
(1649,34.4974,11.4617)
(1650,34.6388,11.2550)
(1651,34.3427,11.3835)
(1652,34.3516,11.6508)
(1653,34.6308,11.5488)
(1654,33.9911,10.9796)
(1655,33.7438,10.9855)
(1656,33.1130,10.5955)
(1657,33.3947,11.1757)
(1658,33.4928,11.0590)
(1659,33.5359,10.8280)
(1660,33.0917,10.7803)
(1661,33.8148,10.5995)
(1662,33.9990,11.1470)
(1663,33.6698,11.2228)
(1664,33.8354,11.5372)
(1665,33.6192,11.4621)
(1666,34.0260,11.1759)
(1667,33.4619,11.0824)
(1668,33.5163,11.0282)
(1669,33.7173,11.0344)
(1670,33.7521,10.4955)
(1671,33.4345,10.5959)
(1672,33.4088,11.1610)
(1673,33.3606,10.4721)
(1674,32.7654,10.8013)
(1675,32.2449,10.7410)
(1676,32.2718,10.7123)
(1677,33.5509,10.6136)
(1678,33.4538,10.4841)
(1679,33.3896,10.3235)
(1680,33.5605,10.8959)
(1681,33.7040,11.0189)
(1682,32.1760,10.9898)
(1683,33.4082,11.4116)
(1684,33.1517,10.9808)
(1685,33.5561,10.7886)
(1686,33.4336,11.0282)
(1687,33.0848,11.1408)
(1688,32.4902,12.3964)
(1689,33.3612,11.6153)
(1690,33.2273,11.4960)
(1691,33.0464,11.7134)
(1692,32.6067,11.6718)
(1693,32.8887,12.6283)
(1694,33.1877,12.6491)
(1695,32.9528,12.7556)
(1696,32.9569,12.7391)
(1697,33.3202,11.9911)
(1698,31.9129,11.5748)
(1699,33.0939,11.5569)
(1700,32.8488,11.8719)
(1701,33.3513,12.0023)
(1702,32.6555,11.4586)
(1703,32.4222,11.4183)
(1704,33.0664,12.1419)
(1705,32.6185,11.4442)
(1706,33.4715,12.8451)
(1707,33.4388,12.2241)
(1708,33.1045,11.7716)
(1709,33.5319,12.2264)
(1710,33.5212,12.6622)
(1711,33.4236,12.0631)
(1712,32.6509,11.8899)
(1713,33.4526,12.0131)
(1714,33.3124,12.0122)
(1715,33.0061,11.5241)
(1716,33.0486,11.7555)
(1717,32.8116,11.9790)
(1718,32.8961,12.0220)
(1719,32.9253,12.0404)
(1720,32.9082,11.9959)
(1721,33.1794,12.0699)
(1722,33.0024,11.9889)
(1723,32.8663,12.3236)
(1724,33.0401,12.5975)
(1725,32.7288,12.5222)
(1726,33.0888,12.5181)
(1727,33.1390,12.5879)
(1728,33.0382,12.6898)
(1729,33.4714,13.0024)
(1730,33.4721,12.7880)
(1731,33.6701,13.1251)
(1732,33.6267,12.9601)
(1733,33.5842,13.2040)
(1734,33.7078,13.0207)
(1735,33.2456,12.6844)
(1736,33.0219,12.8127)
(1737,33.2133,12.8734)
(1738,33.3901,12.6703)
(1739,33.6076,12.7673)
(1740,33.6277,12.8540)
(1741,33.8009,12.7024)
(1742,33.9188,12.8779)
(1743,33.8605,12.1852)
(1744,33.5126,12.3060)
(1745,33.8790,12.8022)
(1746,33.9456,12.8542)
(1747,33.7569,12.7365)
(1748,33.6946,12.7229)
(1749,33.5656,12.7694)
(1750,34.0449,13.1046)
(1751,33.8483,12.8645)
(1752,33.6819,13.3398)
(1753,33.5776,13.7835)
(1754,34.0461,13.8202)
(1755,33.8639,13.5244)
(1756,33.9155,13.2576)
(1757,34.0382,13.6511)
(1758,34.1257,13.6491)
(1759,33.4219,12.7479)
(1760,34.1551,13.6276)
(1761,33.7822,12.6181)
(1762,34.5073,13.8509)
(1763,33.8539,12.8754)
(1764,34.2164,13.6403)
(1765,33.6716,12.6343)
(1766,33.5600,12.5946)
(1767,34.1695,13.2820)
(1768,33.4984,12.4973)
(1769,33.9930,13.2145)
(1770,33.4901,12.5257)
(1771,34.1264,13.3594)
(1772,33.4535,12.6097)
(1773,34.1385,13.9909)
(1774,33.4005,12.5498)
(1775,34.1648,13.6812)
(1776,33.0546,12.4541)
(1777,34.1626,13.6393)
(1778,34.0809,13.5399)
(1779,33.0567,12.9205)
(1780,33.8169,13.2084)
(1781,34.1037,13.2790)
(1782,34.1115,13.4715)
(1783,33.3285,12.7075)
(1784,33.4880,12.2760)
(1785,33.6555,12.3552)
(1786,33.7521,12.4852)
(1787,33.6748,12.4742)
(1788,33.8210,13.2947)
(1789,33.6333,12.3794)
(1790,34.2276,13.7048)
(1791,34.1799,13.2159)
(1792,33.5534,12.3910)
(1793,34.1543,13.6247)
(1794,33.5692,12.2923)
(1795,34.1711,13.4410)
(1796,33.5248,12.2551)
(1797,34.3179,13.2710)
(1798,33.3591,12.1537)
(1799,34.1905,12.7000)
(1800,33.8980,12.8101)
(1801,33.1850,12.1172)
(1802,33.7855,13.1164)
(1803,33.8918,12.8450)
(1804,33.6848,12.8024)
(1805,32.9014,12.1352)
(1806,33.8443,13.3071)
(1807,33.8294,12.5042)
(1808,33.5769,12.4973)
(1809,32.5461,12.1378)
(1810,33.7038,12.8183)
(1811,33.5420,13.5330)
(1812,33.3382,13.6567)
(1813,34.1441,14.2530)
(1814,32.8896,12.6095)
(1815,31.6570,12.3185)
(1816,34.6589,15.5711)
(1817,33.5716,14.2258)
(1818,33.5991,14.2811)
(1819,31.1467,12.1007)
(1820,32.3107,12.5245)
(1821,32.3440,12.1604)
(1822,31.9676,12.1978)
(1823,31.8919,12.3160)
(1824,31.9740,12.3353)
(1825,32.9215,12.3826)
(1826,31.8850,12.3349)
(1827,30.8237,12.2532)
(1828,30.2061,12.4470)
(1829,30.5009,12.1399)
(1830,30.9215,12.2704)
(1831,30.4917,11.9855)
(1832,31.3163,12.3478)
(1833,31.4266,13.2308)
(1834,31.9460,13.1346)
(1835,32.1887,13.3789)
(1836,31.3910,13.5013)
(1837,31.6767,13.3034)
(1838,31.7957,13.1875)
(1839,33.4196,13.6457)
(1840,32.2874,13.1203)
(1841,31.1818,12.3443)
(1842,30.9831,12.8532)
(1843,33.0837,13.6522)
(1844,33.4819,14.3666)
(1845,33.5939,14.6033)
(1846,33.5508,13.5287)
(1847,32.8578,13.4750)
(1848,31.9218,12.5495)
(1849,31.1467,12.4520)
(1850,31.2497,12.4553)
(1851,31.4304,12.5943)
(1852,32.0335,12.5362)
(1853,31.1960,12.5812)
(1854,30.9532,12.7650)
(1855,30.7786,12.3080)
(1856,30.9045,12.4933)
(1857,33.5852,13.3470)
(1858,30.4137,12.1205)
(1859,29.7135,12.1834)
(1860,29.4330,12.0979)
(1861,29.8813,12.2948)
(1862,30.5435,12.4004)
(1863,33.9102,13.3455)
(1864,30.3198,12.5785)
(1865,30.4985,12.6577)
(1866,30.7135,12.6127)
(1867,31.3891,12.8048)
(1868,30.4808,12.2803)
(1869,33.1526,12.7487)
(1870,30.4765,12.8740)
(1871,31.4466,12.7147)
(1872,31.5759,12.8061)
(1873,33.5133,13.4080)
(1874,33.6937,13.3854)
(1875,33.6205,13.4962)
(1876,33.3286,13.6577)
(1877,33.2216,13.5216)
(1878,33.2950,13.5325)
(1879,32.9437,13.3384)
(1880,32.6991,13.3781)
(1881,32.9128,13.3592)
(1882,32.8298,13.3171)
(1883,33.3782,13.4188)
(1884,33.3622,13.4400)
(1885,33.8398,13.3040)
(1886,33.5348,13.2235)
(1887,32.4043,13.0519)
(1888,32.7992,13.3527)
(1889,33.2579,13.1429)
(1890,32.7763,12.8197)
(1891,33.2356,13.2668)
(1892,32.5563,13.0977)
(1893,32.2854,13.2159)
(1894,32.6869,13.0707)
(1895,32.3089,13.3414)
(1896,32.6838,13.3326)
(1897,32.0818,12.9778)
(1898,31.4815,12.8099)
(1899,30.5197,12.0622)
(1900,31.2392,12.3539)
(1901,29.9211,12.0959)
(1902,29.9621,12.2268)
(1903,29.9073,12.2394)
(1904,29.7128,11.7530)
(1905,30.9441,11.6835)
(1906,29.6642,11.2653)
(1907,29.7672,11.2501)
(1908,30.1670,11.3461)
(1909,31.5121,11.7960)
(1910,29.7317,11.4914)
(1911,32.5944,13.2294)
(1912,32.3865,13.1817)
(1913,32.2083,13.5313)
(1914,32.5460,13.8008)
(1915,32.1840,13.7354)
(1916,32.0753,14.1433)
(1917,32.4861,14.3130)
(1918,32.3240,14.4462)
(1919,32.1280,14.2781)
(1920,30.7170,11.9867)
(1921,31.1308,11.8620)
(1922,31.2829,11.8730)
(1923,29.7978,11.3552)
(1924,31.3436,11.9265)
(1925,30.4392,11.8454)
(1926,30.7994,11.8035)
(1927,31.2776,12.1290)
(1928,30.7803,12.0706)
(1929,31.0802,12.1817)
(1930,29.6753,11.8556)
(1931,31.7908,12.6128)
(1932,29.7009,11.7641)
(1933,30.9421,11.9908)
(1934,30.5904,12.2162)
(1935,31.6407,12.2035)
(1936,30.2032,12.0823)
(1937,31.7137,11.8734)
(1938,32.1638,11.4800)
(1939,32.4488,11.3804)
(1940,31.5689,11.8094)
(1941,31.8816,12.3402)
(1942,32.3019,12.1966)
(1943,30.6043,11.7897)
(1944,31.9767,12.3407)
(1945,32.1115,12.1391)
(1946,32.3733,12.1944)
(1947,32.5597,11.8718)
(1948,30.1356,11.2459)
(1949,32.0122,11.4389)
(1950,31.7235,11.0775)
(1951,32.3308,11.0340)
(1952,32.2739,11.2861)
(1953,31.6061,11.4776)
(1954,31.6387,11.4960)
(1955,30.5419,11.9142)
(1956,32.1782,12.2027)
(1957,30.9480,11.9895)
(1958,33.5007,13.1911)
(1959,34.9220,18.9917)
(1960,38.3944,20.3068)
(1961,40.5047,22.2453)
(1962,38.2187,21.3067)
(1963,40.1434,20.3229)
(1964,40.8309,22.6980)
(1965,37.5117,20.0171)
(1966,30.6397,17.3590)
(1967,34.3363,20.1937)
(1968,37.5973,21.4159)
(1969,35.1092,19.6685)
(1970,36.5685,19.8512)
(1971,38.6313,18.8911)
(1972,33.3989,16.1546)
(1973,37.0226,18.0344)
(1974,32.7553,18.6366)
(1975,34.5614,19.3722)
(1976,32.2212,15.1856)
(1977,36.1651,15.2729)
(1978,36.6125,17.5561)
(1979,36.6677,16.6104)
