(1,100)
(2,18.75)
(3,28.90625)
(4,10.9375)
(5,17.96875)
(6,17.96875)
(7,18.75)
(8,18.75)
(9,18.75)
(10,18.75)
(11,19.53125)
(12,14.84375)
(13,17.1875)
(14,18.75)
(15,18.75)
(16,18.75)
(17,17.96875)
(18,18.75)
(19,17.96875)
(20,18.75)
(21,17.96875)
(22,17.96875)
(23,18.75)
(24,16.40625)
(25,17.1875)
(26,20.3125)
(27,16.40625)
(28,15.625)
(29,14.84375)
(30,14.0625)
(31,14.0625)
(32,17.1875)
(33,16.40625)
(34,14.0625)
(35,14.0625)
(36,14.0625)
(37,20.3125)
(38,20.3125)
(39,20.3125)
(40,20.3125)
(41,17.1875)
(42,20.3125)
(43,19.53125)
(44,18.75)
(45,23.4375)
(46,28.90625)
(47,21.09375)
(48,21.09375)
(49,18.75)
(50,19.53125)
(51,23.4375)
(52,21.09375)
(53,18.75)
(54,21.09375)
(55,22.65625)
(56,24.21875)
(57,25.0)
(58,21.09375)
(59,22.65625)
(60,27.34375)
(61,30.46875)
(62,25.0)
(63,24.21875)
(64,19.53125)
(65,21.875)
(66,20.3125)
(67,26.5625)
(68,21.09375)
(69,24.21875)
(70,22.65625)
(71,25.78125)
(72,24.21875)
(73,21.875)
(74,33.59375)
(75,17.96875)
(76,17.96875)
(77,18.75)
(78,18.75)
(79,15.625)
(80,14.0625)
(81,15.625)
(82,15.625)
(83,12.5)
(84,14.84375)
(85,14.0625)
(86,26.5625)
(87,26.5625)
(88,31.25)
(89,32.8125)
(90,28.125)
(91,25.78125)
(92,25.78125)
(93,16.40625)
(94,25.78125)
(95,28.125)
(96,28.125)
(97,16.40625)
(98,27.34375)
(99,31.25)
(100,37.5)
(101,36.71875)
(102,38.28125)
(103,38.28125)
(104,36.71875)
(105,30.46875)
(106,33.59375)
(107,31.25)
(108,31.25)
(109,34.375)
(110,35.15625)
(111,35.9375)
(112,32.03125)
(113,37.5)
(114,37.5)
(115,35.15625)
(116,44.53125)
(117,36.71875)
(118,42.1875)
(119,35.9375)
(120,40.625)
(121,36.71875)
(122,36.71875)
(123,35.9375)
(124,35.9375)
(125,35.9375)
(126,38.28125)
(127,36.71875)
(128,37.5)
(129,35.9375)
(130,35.9375)
(131,38.28125)
(132,37.5)
(133,36.71875)
(134,35.9375)
(135,36.71875)
(136,37.5)
(137,36.71875)
(138,35.9375)
(139,36.71875)
(140,36.71875)
(141,32.8125)
(142,32.03125)
(143,37.5)
(144,36.71875)
(145,38.28125)
(146,39.84375)
(147,39.0625)
(148,43.75)
(149,41.40625)
(150,39.84375)
(151,43.75)
(152,33.59375)
(153,29.6875)
(154,34.375)
(155,35.15625)
(156,33.59375)
(157,35.9375)
(158,34.375)
(159,34.375)
(160,36.71875)
(161,37.5)
(162,34.375)
(163,38.28125)
(164,39.0625)
(165,40.625)
(166,46.09375)
(167,44.53125)
(168,42.96875)
(169,39.84375)
(170,41.40625)
(171,42.96875)
(172,35.15625)
(173,35.9375)
(174,37.5)
(175,38.28125)
(176,39.84375)
(177,37.5)
(178,38.28125)
(179,36.71875)
(180,35.15625)
(181,34.375)
(182,32.8125)
(183,37.5)
(184,39.84375)
(185,42.96875)
(186,42.96875)
(187,41.40625)
(188,43.75)
(189,47.65625)
(190,46.875)
(191,34.375)
(192,34.375)
(193,37.5)
(194,35.15625)
(195,34.375)
(196,30.46875)
(197,39.84375)
(198,34.375)
(199,35.9375)
(200,28.90625)
(201,35.15625)
(202,35.15625)
(203,27.34375)
(204,46.875)
(205,36.71875)
(206,35.9375)
(207,46.09375)
(208,37.5)
(209,35.9375)
(210,41.40625)
(211,44.53125)
(212,44.53125)
(213,46.09375)
(214,34.375)
(215,39.0625)
(216,38.28125)
(217,39.84375)
(218,36.71875)
(219,34.375)
(220,33.59375)
(221,25.0)
(222,36.71875)
(223,35.15625)
(224,35.15625)
(225,33.59375)
(226,30.46875)
(227,30.46875)
(228,29.6875)
(229,28.90625)
(230,30.46875)
(231,25.78125)
(232,30.46875)
(233,29.6875)
(234,28.90625)
(235,28.90625)
(236,24.21875)
(237,30.46875)
(238,25.78125)
(239,23.4375)
(240,28.90625)
(241,29.6875)
(242,29.6875)
(243,28.90625)
(244,30.46875)
(245,30.46875)
(246,28.90625)
(247,28.90625)
(248,28.90625)
(249,28.90625)
(250,28.90625)
(251,30.46875)
(252,28.125)
(253,28.125)
(254,28.125)
(255,28.125)
(256,10.9375)
(257,21.875)
(258,25.0)
(259,9.375)
(260,32.8125)
(261,27.34375)
(262,40.625)
(263,42.1875)
(264,22.65625)
(265,21.875)
(266,5.46875)
(267,21.875)
(268,21.875)
(269,21.875)
(270,20.3125)
(271,27.34375)
(272,29.6875)
(273,29.6875)
(274,29.6875)
(275,28.90625)
(276,31.25)
(277,32.03125)
(278,29.6875)
(279,28.90625)
(280,27.34375)
(281,28.125)
(282,28.125)
(283,24.21875)
(284,19.53125)
(285,15.625)
(286,10.9375)
(287,21.875)
(288,21.875)
(289,25.78125)
(290,29.6875)
(291,25.78125)
(292,30.46875)
(293,28.90625)
(294,26.5625)
(295,22.65625)
(296,25.78125)
(297,10.15625)
(298,26.5625)
(299,25.78125)
(300,14.0625)
(301,32.03125)
(302,32.8125)
(303,25.78125)
(304,15.625)
(305,15.625)
(306,15.625)
(307,30.46875)
(308,28.125)
(309,24.21875)
(310,22.65625)
(311,26.5625)
(312,17.1875)
(313,10.9375)
(314,11.71875)
(315,19.53125)
(316,14.84375)
(317,20.3125)
(318,10.9375)
(319,27.34375)
(320,20.3125)
(321,27.34375)
(322,14.0625)
(323,21.875)
(324,21.875)
(325,19.53125)
(326,11.71875)
(327,17.96875)
(328,19.53125)
(329,17.96875)
(330,17.1875)
(331,17.1875)
(332,22.65625)
(333,7.03125)
(334,25.0)
(335,23.4375)
(336,25.0)
(337,21.875)
(338,14.0625)
(339,7.8125)
(340,18.75)
(341,27.34375)
(342,8.59375)
(343,17.96875)
(344,25.78125)
(345,24.21875)
(346,25.0)
(347,17.1875)
(348,12.5)
(349,9.375)
(350,17.96875)
(351,10.15625)
(352,10.15625)
(353,16.40625)
(354,10.15625)
(355,17.1875)
(356,26.5625)
(357,14.84375)
(358,29.6875)
(359,35.9375)
(360,33.59375)
(361,32.8125)
(362,31.25)
(363,33.59375)
(364,33.59375)
(365,31.25)
(366,27.34375)
(367,27.34375)
(368,32.03125)
(369,32.03125)
(370,31.25)
(371,27.34375)
(372,26.5625)
(373,25.78125)
(374,30.46875)
(375,31.25)
(376,26.5625)
(377,28.125)
(378,25.0)
(379,23.4375)
(380,21.875)
(381,17.1875)
(382,39.84375)
(383,35.9375)
(384,36.71875)
(385,34.375)
(386,33.59375)
(387,18.75)
(388,32.8125)
(389,35.15625)
(390,35.9375)
(391,34.375)
(392,32.8125)
(393,23.4375)
(394,25.0)
(395,16.40625)
(396,16.40625)
(397,17.96875)
(398,20.3125)
(399,21.09375)
(400,20.3125)
(401,23.4375)
(402,22.65625)
(403,28.90625)
(404,28.125)
(405,28.125)
(406,38.28125)
(407,36.71875)
(408,37.5)
(409,38.28125)
(410,38.28125)
(411,34.375)
(412,37.5)
(413,39.0625)
(414,39.84375)
(415,39.84375)
(416,28.90625)
(417,34.375)
(418,32.8125)
(419,40.625)
(420,41.40625)
(421,41.40625)
(422,39.84375)
(423,42.96875)
(424,42.1875)
(425,40.625)
(426,38.28125)
(427,37.5)
(428,37.5)
(429,36.71875)
(430,36.71875)
(431,39.84375)
(432,39.84375)
(433,39.84375)
(434,40.625)
(435,39.0625)
(436,39.0625)
(437,38.28125)
(438,37.5)
(439,37.5)
(440,36.71875)
(441,35.9375)
(442,37.5)
(443,36.71875)
(444,35.9375)
(445,35.9375)
(446,35.9375)
(447,35.15625)
(448,35.15625)
(449,36.71875)
(450,35.9375)
(451,36.71875)
(452,37.5)
(453,37.5)
(454,37.5)
(455,36.71875)
(456,35.15625)
(457,35.9375)
(458,35.9375)
(459,35.9375)
(460,36.71875)
(461,36.71875)
(462,36.71875)
(463,35.15625)
(464,35.15625)
(465,35.9375)
(466,35.15625)
(467,35.15625)
(468,34.375)
(469,34.375)
(470,35.15625)
(471,34.375)
(472,35.15625)
(473,35.9375)
(474,35.15625)
(475,35.9375)
(476,35.15625)
(477,34.375)
(478,34.375)
(479,34.375)
(480,35.9375)
(481,35.15625)
(482,35.15625)
(483,34.375)
(484,34.375)
(485,35.15625)
(486,35.15625)
(487,34.375)
(488,34.375)
(489,34.375)
(490,34.375)
(491,34.375)
(492,34.375)
(493,35.9375)
(494,34.375)
(495,35.15625)
(496,35.15625)
(497,34.375)
(498,34.375)
(499,34.375)
(500,34.375)
(501,34.375)
(502,34.375)
(503,34.375)
(504,34.375)
(505,34.375)
(506,34.375)
(507,34.375)
(508,36.71875)
(509,35.9375)
(510,37.5)
(511,35.9375)
(512,35.9375)
(513,35.15625)
(514,33.59375)
(515,33.59375)
(516,33.59375)
(517,34.375)
(518,34.375)
(519,35.15625)
(520,35.9375)
(521,36.71875)
(522,35.9375)
(523,32.8125)
(524,35.9375)
(525,33.59375)
(526,32.8125)
(527,37.5)
(528,23.4375)
(529,34.375)
(530,28.90625)
(531,3.125)
(532,19.53125)
(533,21.09375)
(534,34.375)
(535,26.5625)
(536,33.59375)
(537,32.8125)
(538,36.71875)
(539,35.9375)
(540,35.9375)
(541,36.71875)
(542,37.5)
(543,37.5)
(544,37.5)
(545,36.71875)
(546,36.71875)
(547,37.5)
(548,36.71875)
(549,36.71875)
(550,35.9375)
(551,34.375)
(552,33.59375)
(553,32.8125)
(554,41.40625)
(555,25.78125)
(556,32.8125)
(557,21.875)
(558,16.40625)
(559,16.40625)
(560,15.625)
(561,33.59375)
(562,17.96875)
(563,24.21875)
(564,33.59375)
(565,32.03125)
(566,30.46875)
(567,29.6875)
(568,30.46875)
(569,28.90625)
(570,14.84375)
(571,29.6875)
(572,14.0625)
(573,22.65625)
(574,29.6875)
(575,20.3125)
(576,16.40625)
(577,27.34375)
(578,32.8125)
(579,10.15625)
(580,31.25)
(581,28.125)
(582,30.46875)
(583,31.25)
(584,16.40625)
(585,31.25)
(586,19.53125)
(587,14.0625)
(588,28.125)
(589,16.40625)
(590,25.78125)
(591,14.84375)
(592,14.0625)
(593,15.625)
(594,8.59375)
(595,12.5)
(596,26.5625)
(597,14.84375)
(598,10.9375)
(599,28.90625)
(600,27.34375)
(601,27.34375)
(602,21.875)
(603,24.21875)
(604,25.78125)
(605,14.84375)
(606,40.625)
(607,34.375)
(608,46.875)
(609,40.625)
(610,45.3125)
(611,31.25)
(612,30.46875)
(613,32.8125)
(614,32.8125)
(615,32.03125)
(616,36.71875)
(617,36.71875)
(618,39.84375)
(619,37.5)
(620,36.71875)
(621,38.28125)
(622,39.0625)
(623,32.8125)
(624,35.9375)
(625,35.9375)
(626,38.28125)
(627,34.375)
(628,42.1875)
(629,41.40625)
(630,39.0625)
(631,39.0625)
(632,39.0625)
(633,33.59375)
(634,34.375)
(635,39.0625)
(636,38.28125)
(637,35.9375)
(638,37.5)
(639,37.5)
(640,34.375)
(641,16.40625)
(642,39.0625)
(643,18.75)
(644,19.53125)
(645,13.28125)
(646,10.15625)
(647,41.40625)
(648,16.40625)
(649,15.625)
(650,35.15625)
(651,35.15625)
(652,35.15625)
(653,34.375)
(654,32.8125)
(655,21.875)
(656,16.40625)
(657,16.40625)
(658,17.1875)
(659,20.3125)
(660,21.09375)
(661,26.5625)
(662,18.75)
(663,23.4375)
(664,21.875)
(665,24.21875)
(666,27.34375)
(667,45.3125)
(668,34.375)
(669,32.03125)
(670,40.625)
(671,37.5)
(672,36.71875)
(673,37.5)
(674,38.28125)
(675,37.5)
(676,33.59375)
(677,36.71875)
(678,37.5)
(679,39.0625)
(680,37.5)
(681,36.71875)
(682,36.71875)
(683,34.375)
(684,35.9375)
(685,35.15625)
(686,30.46875)
(687,32.03125)
(688,32.03125)
(689,24.21875)
(690,28.125)
(691,23.4375)
(692,20.3125)
(693,30.46875)
(694,12.5)
(695,27.34375)
(696,12.5)
(697,14.0625)
(698,28.125)
(699,27.34375)
(700,35.9375)
(701,35.15625)
(702,27.34375)
(703,25.78125)
(704,25.0)
(705,32.03125)
(706,32.03125)
(707,32.03125)
(708,33.59375)
(709,35.9375)
(710,31.25)
(711,34.375)
(712,34.375)
(713,35.15625)
(714,32.03125)
(715,28.125)
(716,29.6875)
(717,30.46875)
(718,27.34375)
(719,25.0)
(720,17.96875)
(721,18.75)
(722,6.25)
(723,25.78125)
(724,17.1875)
(725,23.4375)
(726,19.53125)
(727,14.84375)
(728,22.65625)
(729,17.1875)
(730,17.1875)
(731,21.09375)
(732,19.53125)
(733,21.09375)
(734,11.71875)
(735,23.4375)
(736,26.5625)
(737,22.65625)
(738,17.1875)
(739,26.5625)
(740,34.375)
(741,35.15625)
(742,14.0625)
(743,26.5625)
(744,19.53125)
(745,19.53125)
(746,33.59375)
(747,21.09375)
(748,31.25)
(749,35.9375)
(750,28.125)
(751,32.03125)
(752,25.0)
(753,34.375)
(754,34.375)
(755,37.5)
(756,33.59375)
(757,46.875)
(758,46.875)
(759,43.75)
(760,46.09375)
(761,46.875)
(762,44.53125)
(763,21.09375)
(764,25.78125)
(765,19.53125)
(766,32.8125)
(767,24.21875)
(768,49.21875)
(769,51.5625)
(770,25.78125)
(771,23.4375)
(772,26.5625)
(773,28.125)
(774,28.125)
(775,32.8125)
(776,12.5)
(777,17.1875)
(778,13.28125)
(779,15.625)
(780,14.0625)
(781,14.0625)
(782,14.0625)
(783,14.84375)
(784,14.0625)
(785,13.28125)
(786,14.84375)
(787,14.84375)
(788,10.9375)
(789,10.15625)
(790,14.84375)
(791,14.0625)
(792,11.71875)
(793,11.71875)
(794,14.0625)
(795,15.625)
(796,10.9375)
(797,12.5)
(798,11.71875)
(799,13.28125)
(800,12.5)
(801,14.84375)
(802,20.3125)
(803,17.96875)
(804,23.4375)
(805,19.53125)
(806,18.75)
(807,21.09375)
(808,24.21875)
(809,13.28125)
(810,21.09375)
(811,18.75)
(812,19.53125)
(813,10.9375)
(814,21.875)
(815,19.53125)
(816,20.3125)
(817,14.0625)
(818,11.71875)
(819,11.71875)
(820,12.5)
(821,25.78125)
(822,35.15625)
(823,34.375)
(824,32.03125)
(825,28.90625)
(826,32.8125)
(827,32.03125)
(828,32.03125)
(829,32.8125)
(830,32.8125)
(831,30.46875)
(832,32.8125)
(833,25.0)
(834,25.78125)
(835,25.78125)
(836,21.09375)
(837,22.65625)
(838,24.21875)
(839,21.875)
(840,21.09375)
(841,19.53125)
(842,37.5)
(843,34.375)
(844,36.71875)
(845,35.15625)
(846,32.8125)
(847,35.15625)
(848,34.375)
(849,32.03125)
(850,32.03125)
(851,31.25)
(852,25.78125)
(853,28.125)
(854,28.125)
(855,24.21875)
(856,23.4375)
(857,34.375)
(858,39.84375)
(859,39.84375)
(860,37.5)
(861,41.40625)
(862,39.0625)
(863,38.28125)
(864,35.9375)
(865,35.15625)
(866,37.5)
(867,33.59375)
(868,32.8125)
(869,33.59375)
(870,32.8125)
(871,32.8125)
(872,35.15625)
(873,34.375)
(874,35.9375)
(875,35.9375)
(876,38.28125)
(877,40.625)
(878,39.84375)
(879,38.28125)
(880,34.375)
(881,33.59375)
(882,32.03125)
(883,32.03125)
(884,36.71875)
(885,35.15625)
(886,33.59375)
(887,28.125)
(888,31.25)
(889,18.75)
(890,35.15625)
(891,34.375)
(892,33.59375)
(893,35.15625)
(894,35.9375)
(895,35.9375)
(896,36.71875)
(897,38.28125)
(898,39.0625)
(899,41.40625)
(900,39.0625)
(901,38.28125)
(902,39.84375)
(903,34.375)
(904,32.8125)
(905,36.71875)
(906,39.0625)
(907,39.0625)
(908,38.28125)
(909,39.0625)
(910,38.28125)
(911,39.0625)
(912,17.1875)
(913,35.9375)
(914,38.28125)
(915,36.71875)
(916,35.15625)
(917,32.8125)
(918,33.59375)
(919,33.59375)
(920,34.375)
(921,34.375)
(922,32.8125)
(923,36.71875)
(924,35.15625)
(925,32.8125)
(926,34.375)
(927,38.28125)
(928,37.5)
(929,36.71875)
(930,35.15625)
(931,35.15625)
(932,35.15625)
(933,32.03125)
(934,32.03125)
(935,32.03125)
(936,33.59375)
(937,35.15625)
(938,33.59375)
(939,32.03125)
(940,31.25)
(941,32.03125)
(942,35.9375)
(943,39.0625)
(944,39.0625)
(945,37.5)
(946,37.5)
(947,37.5)
(948,34.375)
(949,35.15625)
(950,33.59375)
(951,32.8125)
(952,34.375)
(953,33.59375)
(954,35.15625)
(955,33.59375)
(956,35.15625)
(957,35.15625)
(958,35.9375)
(959,32.8125)
(960,32.8125)
(961,32.03125)
(962,28.125)
(963,28.125)
(964,32.03125)
(965,28.90625)
(966,30.46875)
(967,32.03125)
(968,29.6875)
(969,29.6875)
(970,28.90625)
(971,33.59375)
(972,29.6875)
(973,34.375)
(974,28.125)
(975,34.375)
(976,30.46875)
(977,30.46875)
(978,28.125)
(979,27.34375)
(980,29.6875)
(981,26.5625)
(982,30.46875)
(983,27.34375)
(984,26.5625)
(985,26.5625)
(986,26.5625)
(987,21.875)
(988,24.21875)
(989,25.78125)
(990,24.21875)
(991,24.21875)
(992,25.0)
(993,25.0)
(994,24.21875)
(995,25.0)
(996,16.40625)
(997,22.65625)
(998,23.4375)
(999,17.96875)
(1000,16.40625)
(1001,22.65625)
(1002,26.5625)
(1003,26.5625)
(1004,27.34375)
(1005,20.3125)
(1006,25.0)
(1007,25.0)
(1008,25.0)
(1009,25.78125)
(1010,25.78125)
(1011,17.96875)
(1012,25.0)
(1013,24.21875)
(1014,16.40625)
(1015,13.28125)
(1016,14.84375)
(1017,11.71875)
(1018,13.28125)
(1019,27.34375)
(1020,17.1875)
(1021,23.4375)
(1022,20.3125)
(1023,17.96875)
(1024,24.21875)
(1025,22.65625)
(1026,27.34375)
(1027,17.96875)
(1028,23.4375)
(1029,25.78125)
(1030,19.53125)
(1031,28.125)
(1032,20.3125)
(1033,25.0)
(1034,25.78125)
(1035,22.65625)
(1036,19.53125)
(1037,23.4375)
(1038,23.4375)
(1039,24.21875)
(1040,16.40625)
(1041,23.4375)
(1042,20.3125)
(1043,24.21875)
(1044,25.78125)
(1045,21.875)
(1046,23.4375)
(1047,25.78125)
(1048,19.53125)
(1049,27.34375)
(1050,29.6875)
(1051,29.6875)
(1052,25.0)
(1053,32.03125)
(1054,21.875)
(1055,25.78125)
(1056,28.125)
(1057,28.90625)
(1058,28.125)
(1059,26.5625)
(1060,23.4375)
(1061,20.3125)
(1062,19.53125)
(1063,31.25)
(1064,24.21875)
(1065,27.34375)
(1066,30.46875)
(1067,30.46875)
(1068,28.125)
(1069,26.5625)
(1070,35.9375)
(1071,33.59375)
(1072,32.03125)
(1073,31.25)
(1074,33.59375)
(1075,32.8125)
(1076,32.8125)
(1077,32.8125)
(1078,31.25)
(1079,32.8125)
(1080,32.03125)
(1081,30.46875)
(1082,28.90625)
(1083,25.0)
(1084,32.8125)
(1085,29.6875)
(1086,27.34375)
(1087,28.90625)
(1088,30.46875)
(1089,26.5625)
(1090,20.3125)
(1091,26.5625)
(1092,27.34375)
(1093,26.5625)
(1094,26.5625)
(1095,28.125)
(1096,28.90625)
(1097,30.46875)
(1098,32.03125)
(1099,28.125)
(1100,25.0)
(1101,29.6875)
(1102,32.8125)
(1103,32.03125)
(1104,26.5625)
(1105,22.65625)
(1106,21.875)
(1107,22.65625)
(1108,19.53125)
(1109,15.625)
(1110,27.34375)
(1111,29.6875)
(1112,25.78125)
(1113,12.5)
(1114,14.84375)
(1115,13.28125)
(1116,11.71875)
(1117,12.5)
(1118,13.28125)
(1119,22.65625)
(1120,14.0625)
(1121,27.34375)
(1122,22.65625)
(1123,18.75)
(1124,21.09375)
(1125,21.875)
(1126,22.65625)
(1127,24.21875)
(1128,20.3125)
(1129,20.3125)
(1130,18.75)
(1131,18.75)
(1132,18.75)
(1133,20.3125)
(1134,20.3125)
(1135,17.1875)
(1136,18.75)
(1137,18.75)
(1138,18.75)
(1139,16.40625)
(1140,17.96875)
(1141,19.53125)
(1142,7.8125)
(1143,14.84375)
(1144,17.96875)
(1145,20.3125)
(1146,21.09375)
(1147,18.75)
(1148,10.15625)
(1149,14.84375)
(1150,10.15625)
(1151,14.84375)
(1152,14.84375)
(1153,14.84375)
(1154,18.75)
(1155,17.96875)
(1156,17.1875)
(1157,14.84375)
(1158,21.09375)
(1159,21.09375)
(1160,8.59375)
(1161,18.75)
(1162,19.53125)
(1163,21.875)
(1164,18.75)
(1165,17.96875)
(1166,16.40625)
(1167,16.40625)
(1168,21.875)
(1169,21.09375)
(1170,9.375)
(1171,21.09375)
(1172,21.875)
(1173,21.875)
(1174,18.75)
(1175,21.09375)
(1176,24.21875)
(1177,27.34375)
(1178,27.34375)
(1179,27.34375)
(1180,26.5625)
(1181,27.34375)
(1182,30.46875)
(1183,28.90625)
(1184,28.90625)
(1185,27.34375)
(1186,27.34375)
(1187,28.90625)
(1188,28.90625)
(1189,27.34375)
(1190,27.34375)
(1191,27.34375)
(1192,27.34375)
(1193,26.5625)
(1194,21.09375)
(1195,25.0)
(1196,21.875)
(1197,22.65625)
(1198,17.1875)
(1199,21.875)
(1200,17.96875)
(1201,16.40625)
(1202,15.625)
(1203,20.3125)
(1204,18.75)
(1205,21.875)
(1206,22.65625)
(1207,24.21875)
(1208,25.78125)
(1209,22.65625)
(1210,21.09375)
(1211,21.875)
(1212,26.5625)
(1213,24.21875)
(1214,26.5625)
(1215,25.78125)
(1216,28.90625)
(1217,17.1875)
(1218,18.75)
(1219,16.40625)
(1220,10.15625)
(1221,14.0625)
(1222,10.15625)
(1223,11.71875)
(1224,17.96875)
(1225,14.84375)
(1226,10.9375)
(1227,12.5)
(1228,18.75)
(1229,10.15625)
(1230,12.5)
(1231,13.28125)
(1232,20.3125)
(1233,10.9375)
(1234,14.84375)
(1235,35.9375)
(1236,45.3125)
(1237,35.15625)
(1238,36.71875)
(1239,37.5)
(1240,36.71875)
(1241,36.71875)
(1242,37.5)
(1243,32.03125)
(1244,31.25)
(1245,32.03125)
(1246,31.25)
(1247,29.6875)
(1248,49.21875)
(1249,47.65625)
(1250,46.09375)
(1251,46.875)
(1252,50.78125)
(1253,49.21875)
(1254,46.09375)
(1255,49.21875)
(1256,32.8125)
(1257,33.59375)
(1258,42.96875)
(1259,42.96875)
(1260,43.75)
(1261,46.09375)
(1262,46.09375)
(1263,46.09375)
(1264,47.65625)
(1265,49.21875)
(1266,46.875)
(1267,46.875)
(1268,43.75)
(1269,46.09375)
(1270,36.71875)
(1271,37.5)
(1272,39.0625)
(1273,34.375)
(1274,35.15625)
(1275,34.375)
(1276,34.375)
(1277,35.15625)
(1278,34.375)
(1279,32.8125)
(1280,32.03125)
(1281,32.03125)
(1282,30.46875)
(1283,33.59375)
(1284,32.03125)
(1285,32.8125)
(1286,35.15625)
(1287,34.375)
(1288,33.59375)
(1289,32.03125)
(1290,31.25)
(1291,32.03125)
(1292,32.8125)
(1293,34.375)
(1294,35.15625)
(1295,35.9375)
(1296,35.9375)
(1297,37.5)
(1298,46.875)
(1299,35.9375)
(1300,36.71875)
(1301,39.0625)
(1302,36.71875)
(1303,37.5)
(1304,37.5)
(1305,37.5)
(1306,37.5)
(1307,38.28125)
(1308,37.5)
(1309,37.5)
(1310,38.28125)
(1311,36.71875)
(1312,37.5)
(1313,35.9375)
(1314,35.15625)
(1315,36.71875)
(1316,36.71875)
(1317,36.71875)
(1318,35.9375)
(1319,36.71875)
(1320,36.71875)
(1321,36.71875)
(1322,35.9375)
(1323,35.9375)
(1324,35.15625)
(1325,36.71875)
(1326,35.9375)
(1327,36.71875)
(1328,37.5)
(1329,37.5)
(1330,37.5)
(1331,36.71875)
(1332,38.28125)
(1333,38.28125)
(1334,37.5)
(1335,36.71875)
(1336,38.28125)
(1337,37.5)
(1338,37.5)
(1339,37.5)
(1340,37.5)
(1341,37.5)
(1342,37.5)
(1343,37.5)
(1344,36.71875)
(1345,35.9375)
(1346,35.9375)
(1347,35.9375)
(1348,35.9375)
(1349,36.71875)
(1350,36.71875)
(1351,35.9375)
(1352,35.9375)
(1353,36.71875)
(1354,35.9375)
(1355,36.71875)
(1356,36.71875)
(1357,36.71875)
(1358,36.71875)
(1359,36.71875)
(1360,37.5)
(1361,37.5)
(1362,38.28125)
(1363,38.28125)
(1364,38.28125)
(1365,36.71875)
(1366,35.9375)
(1367,35.9375)
(1368,35.9375)
(1369,35.9375)
(1370,35.9375)
(1371,34.375)
(1372,34.375)
(1373,34.375)
(1374,33.59375)
(1375,32.8125)
(1376,33.59375)
(1377,33.59375)
(1378,33.59375)
(1379,32.8125)
(1380,32.8125)
(1381,33.59375)
(1382,32.8125)
(1383,32.03125)
(1384,32.8125)
(1385,32.8125)
(1386,33.59375)
(1387,33.59375)
(1388,35.15625)
(1389,33.59375)
(1390,35.15625)
(1391,34.375)
(1392,34.375)
(1393,34.375)
(1394,34.375)
(1395,34.375)
(1396,35.9375)
(1397,35.9375)
(1398,36.71875)
(1399,35.9375)
(1400,35.15625)
(1401,35.9375)
(1402,35.9375)
(1403,35.15625)
(1404,36.71875)
(1405,36.71875)
(1406,37.5)
(1407,37.5)
(1408,37.5)
(1409,35.9375)
(1410,37.5)
(1411,35.9375)
(1412,35.9375)
(1413,35.9375)
(1414,35.15625)
(1415,35.15625)
(1416,34.375)
(1417,34.375)
(1418,35.9375)
(1419,35.9375)
(1420,36.71875)
(1421,35.9375)
(1422,36.71875)
(1423,37.5)
(1424,35.9375)
(1425,35.9375)
(1426,35.15625)
(1427,34.375)
(1428,35.15625)
(1429,35.15625)
(1430,35.15625)
(1431,35.9375)
(1432,34.375)
(1433,34.375)
(1434,35.9375)
(1435,35.15625)
(1436,36.71875)
(1437,35.9375)
(1438,35.9375)
(1439,35.9375)
(1440,35.15625)
(1441,35.9375)
(1442,35.15625)
(1443,35.15625)
(1444,35.15625)
(1445,35.15625)
(1446,35.9375)
(1447,35.15625)
(1448,35.15625)
(1449,35.15625)
(1450,35.15625)
(1451,35.9375)
(1452,35.15625)
(1453,35.15625)
(1454,35.15625)
(1455,35.15625)
(1456,35.15625)
(1457,35.9375)
(1458,35.9375)
(1459,33.59375)
(1460,35.15625)
(1461,35.9375)
(1462,36.71875)
(1463,36.71875)
(1464,36.71875)
(1465,36.71875)
(1466,36.71875)
(1467,36.71875)
(1468,36.71875)
(1469,36.71875)
(1470,36.71875)
(1471,36.71875)
(1472,36.71875)
(1473,35.9375)
(1474,35.15625)
(1475,35.9375)
(1476,34.375)
(1477,33.59375)
(1478,33.59375)
(1479,35.15625)
(1480,32.8125)
(1481,32.8125)
(1482,32.8125)
(1483,34.375)
(1484,34.375)
(1485,35.15625)
(1486,35.15625)
(1487,35.9375)
(1488,33.59375)
(1489,34.375)
(1490,35.15625)
(1491,35.15625)
(1492,35.15625)
(1493,35.15625)
(1494,35.15625)
(1495,34.375)
(1496,35.15625)
(1497,35.9375)
(1498,35.9375)
(1499,36.71875)
(1500,35.9375)
(1501,33.59375)
(1502,33.59375)
(1503,34.375)
(1504,34.375)
(1505,34.375)
(1506,37.5)
(1507,38.28125)
(1508,38.28125)
(1509,39.84375)
(1510,41.40625)
(1511,41.40625)
(1512,43.75)
(1513,45.3125)
(1514,42.96875)
(1515,44.53125)
(1516,46.875)
(1517,45.3125)
(1518,45.3125)
(1519,44.53125)
(1520,42.1875)
(1521,41.40625)
(1522,38.28125)
(1523,34.375)
(1524,33.59375)
(1525,35.15625)
(1526,33.59375)
(1527,34.375)
(1528,25.0)
(1529,23.4375)
(1530,24.21875)
(1531,21.875)
(1532,23.4375)
(1533,25.78125)
(1534,25.0)
(1535,25.78125)
(1536,27.34375)
(1537,25.0)
(1538,39.84375)
(1539,39.0625)
(1540,35.9375)
(1541,38.28125)
(1542,39.0625)
(1543,39.84375)
(1544,39.0625)
(1545,35.9375)
(1546,38.28125)
(1547,37.5)
(1548,36.71875)
(1549,35.9375)
(1550,36.71875)
(1551,36.71875)
(1552,35.15625)
(1553,34.375)
(1554,35.9375)
(1555,38.28125)
(1556,25.78125)
(1557,23.4375)
(1558,38.28125)
(1559,37.5)
(1560,25.0)
(1561,25.0)
(1562,35.9375)
(1563,25.78125)
(1564,25.78125)
(1565,26.5625)
(1566,27.34375)
(1567,29.6875)
(1568,27.34375)
(1569,28.125)
(1570,39.0625)
(1571,39.0625)
(1572,38.28125)
(1573,39.84375)
(1574,39.0625)
(1575,35.9375)
(1576,36.71875)
(1577,37.5)
(1578,37.5)
(1579,39.0625)
(1580,21.875)
(1581,37.5)
(1582,35.15625)
(1583,33.59375)
(1584,32.8125)
(1585,33.59375)
(1586,32.8125)
(1587,32.03125)
(1588,33.59375)
(1589,36.71875)
(1590,38.28125)
(1591,38.28125)
(1592,39.84375)
(1593,40.625)
(1594,39.0625)
(1595,38.28125)
(1596,28.90625)
(1597,37.5)
(1598,35.9375)
(1599,32.8125)
(1600,35.15625)
(1601,34.375)
(1602,36.71875)
(1603,39.84375)
(1604,40.625)
(1605,46.09375)
(1606,41.40625)
(1607,41.40625)
(1608,37.5)
(1609,33.59375)
(1610,34.375)
(1611,32.8125)
(1612,35.9375)
(1613,35.9375)
(1614,37.5)
(1615,39.84375)
(1616,39.84375)
(1617,39.0625)
(1618,39.84375)
(1619,39.0625)
(1620,40.625)
(1621,39.84375)
(1622,38.28125)
(1623,39.84375)
(1624,39.0625)
(1625,39.0625)
(1626,39.84375)
(1627,40.625)
(1628,39.0625)
(1629,40.625)
(1630,39.84375)
(1631,39.84375)
(1632,40.625)
(1633,41.40625)
(1634,41.40625)
(1635,41.40625)
(1636,41.40625)
(1637,42.1875)
(1638,41.40625)
(1639,42.1875)
(1640,42.1875)
(1641,42.1875)
(1642,42.1875)
(1643,41.40625)
(1644,42.1875)
(1645,42.1875)
(1646,42.1875)
(1647,42.1875)
(1648,42.1875)
(1649,42.1875)
(1650,41.40625)
(1651,41.40625)
(1652,41.40625)
(1653,41.40625)
(1654,41.40625)
(1655,41.40625)
(1656,41.40625)
(1657,41.40625)
(1658,41.40625)
(1659,41.40625)
(1660,41.40625)
(1661,42.1875)
(1662,40.625)
(1663,40.625)
(1664,41.40625)
(1665,41.40625)
(1666,41.40625)
(1667,41.40625)
(1668,41.40625)
(1669,41.40625)
(1670,42.1875)
(1671,41.40625)
(1672,42.1875)
(1673,42.1875)
(1674,41.40625)
(1675,41.40625)
(1676,42.1875)
(1677,42.1875)
(1678,42.1875)
(1679,42.1875)
(1680,42.1875)
(1681,42.1875)
(1682,41.40625)
(1683,42.96875)
(1684,42.1875)
(1685,43.75)
(1686,42.96875)
(1687,41.40625)
(1688,40.625)
(1689,41.40625)
(1690,40.625)
(1691,40.625)
(1692,41.40625)
(1693,41.40625)
(1694,41.40625)
(1695,41.40625)
(1696,42.1875)
(1697,42.1875)
(1698,42.1875)
(1699,42.1875)
(1700,42.1875)
(1701,42.1875)
(1702,42.1875)
(1703,42.96875)
(1704,42.1875)
(1705,42.96875)
(1706,42.1875)
(1707,42.1875)
(1708,41.40625)
(1709,39.84375)
(1710,42.96875)
(1711,42.1875)
(1712,42.96875)
(1713,40.625)
(1714,42.1875)
(1715,42.1875)
(1716,42.96875)
(1717,42.1875)
(1718,42.96875)
(1719,42.96875)
(1720,42.96875)
(1721,43.75)
(1722,42.96875)
(1723,42.96875)
(1724,42.1875)
(1725,41.40625)
(1726,42.1875)
(1727,42.1875)
(1728,42.1875)
(1729,42.1875)
(1730,42.1875)
(1731,42.1875)
(1732,42.1875)
(1733,42.1875)
(1734,42.1875)
(1735,42.1875)
(1736,42.1875)
(1737,42.1875)
(1738,42.1875)
(1739,42.96875)
(1740,42.96875)
(1741,42.96875)
(1742,42.96875)
(1743,42.96875)
(1744,43.75)
(1745,42.96875)
(1746,42.1875)
(1747,42.96875)
(1748,42.1875)
(1749,42.1875)
(1750,42.1875)
(1751,42.96875)
(1752,42.96875)
(1753,42.96875)
(1754,42.96875)
(1755,43.75)
(1756,42.96875)
(1757,42.1875)
(1758,41.40625)
(1759,42.1875)
(1760,42.1875)
(1761,42.1875)
(1762,42.1875)
(1763,42.1875)
(1764,42.1875)
(1765,42.1875)
(1766,42.1875)
(1767,42.1875)
(1768,41.40625)
(1769,41.40625)
(1770,41.40625)
(1771,41.40625)
(1772,41.40625)
(1773,41.40625)
(1774,41.40625)
(1775,41.40625)
(1776,41.40625)
(1777,41.40625)
(1778,41.40625)
(1779,41.40625)
(1780,41.40625)
(1781,41.40625)
(1782,41.40625)
(1783,41.40625)
(1784,41.40625)
(1785,41.40625)
(1786,41.40625)
(1787,41.40625)
(1788,41.40625)
(1789,41.40625)
(1790,41.40625)
(1791,41.40625)
(1792,41.40625)
(1793,41.40625)
(1794,41.40625)
(1795,41.40625)
(1796,41.40625)
(1797,41.40625)
(1798,41.40625)
(1799,41.40625)
(1800,41.40625)
(1801,41.40625)
(1802,41.40625)
(1803,41.40625)
(1804,41.40625)
(1805,41.40625)
(1806,41.40625)
(1807,41.40625)
(1808,41.40625)
(1809,41.40625)
(1810,41.40625)
(1811,41.40625)
(1812,41.40625)
(1813,41.40625)
(1814,41.40625)
(1815,41.40625)
(1816,41.40625)
(1817,41.40625)
(1818,41.40625)
(1819,41.40625)
(1820,41.40625)
(1821,41.40625)
(1822,41.40625)
(1823,41.40625)
(1824,41.40625)
(1825,41.40625)
(1826,41.40625)
(1827,42.1875)
(1828,42.1875)
(1829,42.1875)
(1830,42.1875)
(1831,42.1875)
(1832,42.1875)
(1833,42.1875)
(1834,42.96875)
(1835,42.1875)
(1836,42.1875)
(1837,42.1875)
(1838,42.1875)
(1839,42.1875)
(1840,42.1875)
(1841,42.1875)
(1842,42.1875)
(1843,42.1875)
(1844,42.1875)
(1845,42.1875)
(1846,42.96875)
(1847,42.96875)
(1848,42.96875)
(1849,42.1875)
(1850,42.1875)
(1851,42.1875)
(1852,42.1875)
(1853,42.1875)
(1854,42.1875)
(1855,42.1875)
(1856,42.1875)
(1857,42.1875)
(1858,42.1875)
(1859,42.1875)
(1860,42.1875)
(1861,42.1875)
(1862,42.1875)
(1863,42.96875)
(1864,42.96875)
(1865,42.96875)
(1866,42.96875)
(1867,42.96875)
(1868,42.96875)
(1869,42.96875)
(1870,42.96875)
(1871,42.96875)
(1872,42.1875)
(1873,42.96875)
(1874,43.75)
(1875,42.96875)
(1876,43.75)
(1877,42.96875)
(1878,42.96875)
(1879,42.1875)
(1880,42.1875)
(1881,42.96875)
(1882,42.1875)
(1883,42.96875)
(1884,42.1875)
(1885,42.1875)
(1886,42.1875)
(1887,41.40625)
(1888,42.1875)
(1889,42.1875)
(1890,42.1875)
(1891,42.1875)
(1892,41.40625)
(1893,41.40625)
(1894,41.40625)
(1895,42.1875)
(1896,41.40625)
(1897,42.96875)
(1898,41.40625)
(1899,41.40625)
(1900,42.1875)
(1901,42.1875)
(1902,42.1875)
(1903,41.40625)
(1904,41.40625)
(1905,41.40625)
(1906,39.84375)
(1907,41.40625)
(1908,40.625)
(1909,40.625)
(1910,41.40625)
(1911,40.625)
(1912,40.625)
(1913,41.40625)
(1914,41.40625)
(1915,41.40625)
(1916,42.96875)
(1917,42.96875)
(1918,44.53125)
(1919,42.96875)
(1920,42.96875)
(1921,42.96875)
(1922,42.1875)
(1923,42.1875)
(1924,43.75)
(1925,42.1875)
(1926,42.1875)
(1927,42.1875)
(1928,42.1875)
(1929,42.1875)
(1930,40.625)
(1931,42.1875)
(1932,42.1875)
(1933,42.96875)
(1934,42.1875)
(1935,41.40625)
(1936,41.40625)
(1937,41.40625)
(1938,41.40625)
(1939,41.40625)
(1940,40.625)
(1941,42.1875)
(1942,40.625)
(1943,42.1875)
(1944,42.1875)
(1945,42.1875)
(1946,42.1875)
(1947,42.1875)
(1948,42.1875)
(1949,42.96875)
(1950,42.96875)
(1951,42.96875)
(1952,42.96875)
(1953,42.96875)
(1954,41.40625)
(1955,41.40625)
(1956,42.1875)
(1957,42.1875)
(1958,42.1875)
(1959,42.1875)
(1960,42.1875)
(1961,44.53125)
(1962,44.53125)
(1963,41.40625)
(1964,40.625)
(1965,38.28125)
(1966,37.5)
(1967,35.15625)
(1968,35.9375)
(1969,35.9375)
(1970,32.03125)
(1971,35.15625)
(1972,39.0625)
(1973,39.0625)
(1974,34.375)
(1975,21.09375)
(1976,29.6875)
(1977,32.03125)
(1978,35.15625)
(1979,35.15625)
(1980,41.40625)
(1981,100)
(1982,18.75)
(1983,28.90625)
(1984,10.9375)
(1985,17.96875)
(1986,17.96875)
(1987,18.75)
(1988,18.75)
(1989,18.75)
(1990,18.75)
(1991,100)
(1992,19.53125)
(1993,11.71875)
(1994,14.84375)
(1995,17.96875)
(1996,3.125)
(1997,17.1875)
(1998,21.09375)
(1999,18.75)
(2000,10.15625)
(2001,18.75)
(2002,8.59375)
(2003,18.75)
(2004,3.90625)
(2005,3.90625)
(2006,17.96875)
(2007,2.34375)
(2008,18.75)
(2009,17.96875)
(2010,3.90625)
(2011,18.75)
(2012,3.90625)
(2013,17.96875)
(2014,8.59375)
(2015,17.96875)
(2016,6.25)
(2017,18.75)
(2018,7.8125)
(2019,3.90625)
(2020,16.40625)
(2021,19.53125)
(2022,17.1875)
(2023,19.53125)
(2024,20.3125)
(2025,18.75)
(2026,16.40625)
(2027,15.625)
(2028,15.625)
(2029,14.84375)
(2030,2.34375)
(2031,14.0625)
(2032,3.125)
(2033,14.0625)
(2034,4.6875)
(2035,3.90625)
(2036,17.1875)
(2037,3.90625)
(2038,16.40625)
(2039,3.125)
(2040,14.0625)
(2041,10.9375)
(2042,14.0625)
(2043,21.09375)
(2044,14.0625)
(2045,20.3125)
(2046,19.53125)
(2047,20.3125)
(2048,20.3125)
(2049,20.3125)
(2050,20.3125)
(2051,20.3125)
(2052,20.3125)
(2053,17.1875)
(2054,19.53125)
(2055,20.3125)
(2056,21.09375)
(2057,19.53125)
(2058,18.75)
(2059,18.75)
(2060,19.53125)
(2061,23.4375)
(2062,17.96875)
(2063,28.90625)
(2064,17.1875)
(2065,21.09375)
(2066,14.84375)
(2067,21.09375)
(2068,11.71875)
(2069,18.75)
(2070,14.84375)
(2071,3.90625)
(2072,19.53125)
(2073,0.0)
(2074,23.4375)
(2075,0.0)
(2076,0.0)
(2077,21.09375)
(2078,0.0)
(2079,18.75)
(2080,0.0)
(2081,21.09375)
(2082,17.1875)
(2083,22.65625)
(2084,18.75)
(2085,24.21875)
(2086,25.0)
(2087,18.75)
(2088,21.09375)
(2089,14.84375)
(2090,22.65625)
(2091,0.78125)
(2092,15.625)
(2093,27.34375)
(2094,0.78125)
(2095,30.46875)
(2096,13.28125)
(2097,25.0)
(2098,2.34375)
(2099,24.21875)
(2100,12.5)
(2101,19.53125)
(2102,9.375)
(2103,21.875)
(2104,11.71875)
(2105,20.3125)
(2106,14.84375)
(2107,26.5625)
(2108,17.1875)
(2109,21.09375)
(2110,24.21875)
(2111,17.1875)
(2112,8.59375)
(2113,22.65625)
(2114,19.53125)
(2115,25.78125)
(2116,19.53125)
(2117,24.21875)
(2118,14.84375)
(2119,21.875)
(2120,33.59375)
(2121,9.375)
(2122,11.71875)
(2123,17.96875)
(2124,20.3125)
(2125,17.96875)
(2126,14.84375)
(2127,18.75)
(2128,19.53125)
(2129,18.75)
(2130,19.53125)
(2131,15.625)
(2132,14.0625)
(2133,16.40625)
(2134,15.625)
(2135,20.3125)
(2136,15.625)
(2137,22.65625)
(2138,12.5)
(2139,10.9375)
(2140,14.84375)
(2141,24.21875)
(2142,14.0625)
(2143,14.0625)
(2144,26.5625)
(2145,4.6875)
(2146,26.5625)
(2147,24.21875)
(2148,15.625)
(2149,31.25)
(2150,24.21875)
(2151,32.8125)
(2152,17.1875)
(2153,28.125)
(2154,12.5)
(2155,25.78125)
(2156,28.125)
(2157,25.78125)
(2158,10.15625)
(2159,16.40625)
(2160,0.78125)
(2161,25.78125)
(2162,9.375)
(2163,28.125)
(2164,14.84375)
(2165,28.125)
(2166,15.625)
(2167,16.40625)
(2168,13.28125)
(2169,27.34375)
(2170,7.03125)
(2171,31.25)
(2172,13.28125)
(2173,37.5)
(2174,10.9375)
(2175,8.59375)
(2176,36.71875)
(2177,15.625)
(2178,38.28125)
(2179,15.625)
(2180,15.625)
(2181,38.28125)
(2182,15.625)
(2183,36.71875)
(2184,3.125)
(2185,14.0625)
(2186,30.46875)
(2187,6.25)
(2188,6.25)
(2189,33.59375)
(2190,10.15625)
(2191,12.5)
(2192,31.25)
(2193,12.5)
(2194,31.25)
(2195,16.40625)
(2196,34.375)
(2197,10.9375)
(2198,10.15625)
(2199,35.15625)
(2200,3.125)
(2201,6.25)
(2202,35.9375)
(2203,2.34375)
(2204,30.46875)
(2205,32.03125)
(2206,47.65625)
(2207,37.5)
(2208,35.15625)
(2209,37.5)
(2210,46.09375)
(2211,35.15625)
(2212,44.53125)
(2213,35.9375)
(2214,36.71875)
(2215,36.71875)
(2216,35.9375)
(2217,42.1875)
(2218,35.9375)
(2219,35.9375)
(2220,38.28125)
(2221,40.625)
(2222,39.0625)
(2223,36.71875)
(2224,39.0625)
(2225,36.71875)
(2226,39.84375)
(2227,35.9375)
(2228,35.9375)
(2229,40.625)
(2230,35.9375)
(2231,39.84375)
(2232,38.28125)
(2233,40.625)
(2234,36.71875)
(2235,40.625)
(2236,37.5)
(2237,39.84375)
(2238,35.9375)
(2239,39.84375)
(2240,35.9375)
(2241,40.625)
(2242,38.28125)
(2243,40.625)
(2244,37.5)
(2245,40.625)
(2246,36.71875)
(2247,39.84375)
(2248,35.9375)
(2249,40.625)
(2250,36.71875)
(2251,39.0625)
(2252,37.5)
(2253,40.625)
(2254,36.71875)
(2255,40.625)
(2256,35.9375)
(2257,40.625)
(2258,36.71875)
(2259,40.625)
(2260,36.71875)
(2261,39.84375)
(2262,32.8125)
(2263,41.40625)
(2264,32.03125)
(2265,41.40625)
(2266,37.5)
(2267,38.28125)
(2268,36.71875)
(2269,38.28125)
(2270,39.0625)
(2271,39.84375)
(2272,33.59375)
(2273,39.0625)
(2274,33.59375)
(2275,37.5)
(2276,43.75)
(2277,32.03125)
(2278,41.40625)
(2279,32.03125)
(2280,39.84375)
(2281,30.46875)
(2282,43.75)
(2283,32.8125)
(2284,33.59375)
(2285,32.03125)
(2286,29.6875)
(2287,32.03125)
(2288,34.375)
(2289,32.8125)
(2290,35.15625)
(2291,39.84375)
(2292,33.59375)
(2293,34.375)
(2294,35.9375)
(2295,33.59375)
(2296,34.375)
(2297,32.03125)
(2298,34.375)
(2299,32.8125)
(2300,36.71875)
(2301,32.03125)
(2302,37.5)
(2303,34.375)
(2304,34.375)
(2305,32.03125)
(2306,31.25)
(2307,38.28125)
(2308,31.25)
(2309,39.0625)
(2310,34.375)
(2311,40.625)
(2312,31.25)
(2313,46.09375)
(2314,35.15625)
(2315,44.53125)
(2316,33.59375)
(2317,42.96875)
(2318,32.03125)
(2319,39.84375)
(2320,32.03125)
(2321,41.40625)
(2322,32.8125)
(2323,31.25)
(2324,42.96875)
(2325,30.46875)
(2326,35.15625)
(2327,28.90625)
(2328,35.9375)
(2329,29.6875)
(2330,37.5)
(2331,28.125)
(2332,38.28125)
(2333,27.34375)
(2334,39.84375)
(2335,31.25)
(2336,29.6875)
(2337,37.5)
(2338,36.71875)
(2339,38.28125)
(2340,28.125)
(2341,36.71875)
(2342,40.625)
(2343,35.15625)
(2344,33.59375)
(2345,34.375)
(2346,36.71875)
(2347,32.8125)
(2348,12.5)
(2349,37.5)
(2350,41.40625)
(2351,39.84375)
(2352,40.625)
(2353,42.96875)
(2354,32.8125)
(2355,42.96875)
(2356,34.375)
(2357,41.40625)
(2358,35.15625)
(2359,43.75)
(2360,34.375)
(2361,47.65625)
(2362,28.90625)
(2363,34.375)
(2364,46.875)
(2365,26.5625)
(2366,34.375)
(2367,27.34375)
(2368,34.375)
(2369,25.78125)
(2370,37.5)
(2371,27.34375)
(2372,35.15625)
(2373,27.34375)
(2374,34.375)
(2375,28.125)
(2376,30.46875)
(2377,27.34375)
(2378,39.84375)
(2379,31.25)
(2380,34.375)
(2381,30.46875)
(2382,35.9375)
(2383,31.25)
(2384,29.6875)
(2385,28.90625)
(2386,32.8125)
(2387,35.15625)
(2388,29.6875)
(2389,35.15625)
(2390,51.5625)
(2391,27.34375)
(2392,46.875)
(2393,30.46875)
(2394,36.71875)
(2395,36.71875)
(2396,35.9375)
(2397,37.5)
(2398,46.09375)
(2399,28.125)
(2400,32.03125)
(2401,37.5)
(2402,27.34375)
(2403,35.9375)
(2404,46.09375)
(2405,41.40625)
(2406,45.3125)
(2407,44.53125)
(2408,29.6875)
(2409,44.53125)
(2410,28.125)
(2411,46.09375)
(2412,28.125)
(2413,34.375)
(2414,31.25)
(2415,39.0625)
(2416,31.25)
(2417,31.25)
(2418,38.28125)
(2419,29.6875)
(2420,39.84375)
(2421,32.03125)
(2422,36.71875)
(2423,26.5625)
(2424,34.375)
(2425,25.78125)
(2426,33.59375)
(2427,26.5625)
(2428,25.0)
(2429,25.0)
(2430,36.71875)
(2431,28.125)
(2432,27.34375)
(2433,35.15625)
(2434,35.15625)
(2435,35.15625)
(2436,35.15625)
(2437,33.59375)
(2438,45.3125)
(2439,30.46875)
(2440,30.46875)
(2441,33.59375)
(2442,29.6875)
(2443,34.375)
(2444,28.90625)
(2445,34.375)
(2446,30.46875)
(2447,34.375)
(2448,25.78125)
(2449,34.375)
(2450,30.46875)
(2451,32.03125)
(2452,29.6875)
(2453,28.125)
(2454,28.90625)
(2455,32.03125)
(2456,28.90625)
(2457,32.03125)
(2458,24.21875)
(2459,31.25)
(2460,30.46875)
(2461,32.03125)
(2462,25.78125)
(2463,21.875)
(2464,23.4375)
(2465,33.59375)
(2466,28.90625)
(2467,39.84375)
(2468,29.6875)
(2469,29.6875)
(2470,34.375)
(2471,28.90625)
(2472,34.375)
(2473,30.46875)
(2474,34.375)
(2475,30.46875)
(2476,34.375)
(2477,28.90625)
(2478,35.15625)
(2479,28.90625)
(2480,34.375)
(2481,28.90625)
(2482,35.15625)
(2483,28.90625)
(2484,35.9375)
(2485,28.90625)
(2486,33.59375)
(2487,30.46875)
(2488,28.125)
(2489,33.59375)
(2490,28.125)
(2491,36.71875)
(2492,28.125)
(2493,37.5)
(2494,28.125)
(2495,33.59375)
(2496,10.9375)
(2497,21.875)
(2498,38.28125)
(2499,25.0)
(2500,35.15625)
(2501,9.375)
(2502,32.8125)
(2503,35.9375)
(2504,27.34375)
(2505,35.15625)
(2506,40.625)
(2507,28.125)
(2508,42.1875)
(2509,32.8125)
(2510,22.65625)
(2511,29.6875)
(2512,21.875)
(2513,32.8125)
(2514,5.46875)
(2515,21.875)
(2516,28.125)
(2517,21.875)
(2518,22.65625)
(2519,25.78125)
(2520,21.875)
(2521,27.34375)
(2522,20.3125)
(2523,27.34375)
(2524,17.1875)
(2525,18.75)
(2526,29.6875)
(2527,17.1875)
(2528,29.6875)
(2529,19.53125)
(2530,29.6875)
(2531,14.84375)
(2532,28.90625)
(2533,25.0)
(2534,31.25)
(2535,18.75)
(2536,32.03125)
(2537,32.8125)
(2538,29.6875)
(2539,38.28125)
(2540,28.90625)
(2541,35.15625)
(2542,27.34375)
(2543,45.3125)
(2544,28.125)
(2545,28.125)
(2546,44.53125)
(2547,24.21875)
(2548,25.78125)
(2549,19.53125)
(2550,15.625)
(2551,15.625)
(2552,18.75)
(2553,10.9375)
(2554,21.875)
(2555,21.875)
(2556,21.875)
(2557,21.875)
(2558,12.5)
(2559,25.78125)
(2560,14.0625)
(2561,29.6875)
(2562,14.84375)
(2563,25.78125)
(2564,26.5625)
(2565,30.46875)
(2566,25.0)
(2567,28.90625)
(2568,13.28125)
(2569,9.375)
(2570,26.5625)
(2571,11.71875)
(2572,22.65625)
(2573,20.3125)
(2574,25.78125)
(2575,18.75)
(2576,10.15625)
(2577,26.5625)
(2578,16.40625)
(2579,25.78125)
(2580,11.71875)
(2581,23.4375)
(2582,14.0625)
(2583,15.625)
(2584,32.03125)
(2585,8.59375)
(2586,32.8125)
(2587,6.25)
(2588,11.71875)
(2589,25.78125)
(2590,15.625)
(2591,15.625)
(2592,14.0625)
(2593,15.625)
(2594,18.75)
(2595,15.625)
(2596,18.75)
(2597,30.46875)
(2598,18.75)
(2599,28.125)
(2600,17.1875)
(2601,24.21875)
(2602,15.625)
(2603,15.625)
(2604,22.65625)
(2605,14.84375)
(2606,26.5625)
(2607,11.71875)
(2608,17.1875)
(2609,2.34375)
(2610,0.0)
(2611,10.9375)
(2612,0.0)
(2613,11.71875)
(2614,0.0)
(2615,19.53125)
(2616,0.0)
(2617,0.0)
(2618,14.84375)
(2619,0.0)
(2620,20.3125)
(2621,0.0)
(2622,10.9375)
(2623,0.0)
(2624,0.0)
(2625,27.34375)
(2626,0.0)
(2627,20.3125)
(2628,0.0)
(2629,0.0)
(2630,27.34375)
(2631,0.0)
(2632,0.0)
(2633,14.0625)
(2634,0.0)
(2635,21.875)
(2636,0.0)
(2637,21.875)
(2638,0.0)
(2639,0.0)
(2640,19.53125)
(2641,0.0)
(2642,11.71875)
(2643,1.5625)
(2644,17.96875)
(2645,2.34375)
(2646,3.125)
(2647,19.53125)
(2648,0.0)
(2649,17.96875)
(2650,0.0)
(2651,17.1875)
(2652,3.125)
(2653,17.1875)
(2654,0.0)
(2655,0.78125)
(2656,22.65625)
(2657,2.34375)
(2658,7.03125)
(2659,2.34375)
(2660,25.0)
(2661,1.5625)
(2662,3.125)
(2663,23.4375)
(2664,0.0)
(2665,25.0)
(2666,0.0)
(2667,0.0)
(2668,21.875)
(2669,0.0)
(2670,14.0625)
(2671,1.5625)
(2672,7.8125)
(2673,10.9375)
(2674,18.75)
(2675,1.5625)
(2676,0.0)
(2677,27.34375)
(2678,0.0)
(2679,8.59375)
(2680,3.125)
(2681,17.96875)
(2682,0.0)
(2683,13.28125)
(2684,25.78125)
(2685,0.0)
(2686,25.78125)
(2687,0.0)
(2688,15.625)
(2689,25.0)
(2690,3.125)
(2691,17.1875)
(2692,14.84375)
(2693,16.40625)
(2694,12.5)
(2695,9.375)
(2696,17.96875)
(2697,17.96875)
(2698,4.6875)
(2699,17.96875)
(2700,10.15625)
(2701,10.15625)
(2702,2.34375)
(2703,17.1875)
(2704,16.40625)
(2705,10.15625)
(2705,4.6875)
(2706,17.1875)
(2707,5.46875)
(2708,7.8125)
(2709,26.5625)
(2710,0.0)
(2711,14.84375)
(2712,0.0)
(2713,0.0)
(2714,29.6875)
(2715,0.0)
(2716,0.0)
(2717,35.9375)
(2718,0.0)
(2719,33.59375)
(2720,0.0)
(2721,0.0)
(2722,32.8125)
(2723,0.0)
(2724,0.0)
(2725,31.25)
(2726,0.0)
(2727,0.0)
(2728,33.59375)
(2729,0.0)
(2730,33.59375)
(2731,10.15625)
(2732,6.25)
(2733,31.25)
(2734,7.03125)
(2735,7.03125)
(2736,27.34375)
(2737,6.25)
(2738,27.34375)
(2739,0.0)
(2740,0.0)
(2741,32.03125)
(2742,0.0)
(2743,6.25)
(2744,32.03125)
(2745,6.25)
(2746,31.25)
(2747,0.0)
(2748,0.0)
(2749,27.34375)
(2750,0.0)
(2751,0.0)
(2752,26.5625)
(2753,0.0)
(2754,0.0)
(2755,25.78125)
(2756,0.0)
(2757,19.53125)
(2758,30.46875)
(2759,25.78125)
(2760,31.25)
(2761,24.21875)
(2762,26.5625)
(2763,14.0625)
(2764,28.125)
(2765,12.5)
(2766,25.0)
(2767,22.65625)
(2768,23.4375)
(2769,24.21875)
(2770,21.875)
(2771,24.21875)
(2772,17.1875)
(2773,25.0)
(2774,39.84375)
(2775,23.4375)
(2776,35.9375)
(2777,25.78125)
(2778,36.71875)
(2779,20.3125)
(2780,24.21875)
(2781,34.375)
(2782,22.65625)
(2783,33.59375)
(2784,31.25)
(2785,18.75)
(2786,19.53125)
(2787,32.8125)
(2788,27.34375)
(2789,35.15625)
(2790,29.6875)
(2791,35.9375)
(2792,20.3125)
(2793,34.375)
(2794,29.6875)
(2795,32.8125)
(2796,29.6875)
(2797,23.4375)
(2798,25.0)
(2799,26.5625)
(2800,16.40625)
(2801,28.125)
(2802,16.40625)
(2803,25.0)
(2804,17.96875)
(2805,20.3125)
(2806,29.6875)
(2807,21.09375)
(2808,23.4375)
(2809,20.3125)
(2810,30.46875)
(2811,23.4375)
(2812,31.25)
(2813,22.65625)
(2814,28.90625)
(2815,32.8125)
(2816,28.125)
(2817,32.03125)
(2818,28.125)
(2819,32.8125)
(2820,38.28125)
(2821,33.59375)
(2822,36.71875)
(2823,33.59375)
(2824,37.5)
(2825,35.9375)
(2826,38.28125)
(2827,34.375)
(2828,38.28125)
(2829,35.15625)
(2830,34.375)
(2831,34.375)
(2832,37.5)
(2833,35.9375)
(2834,39.0625)
(2835,33.59375)
(2836,39.84375)
(2837,35.15625)
(2838,39.84375)
(2839,35.9375)
(2840,28.90625)
(2841,35.9375)
(2842,34.375)
(2843,32.8125)
(2844,32.8125)
(2845,33.59375)
(2846,40.625)
(2847,33.59375)
(2848,41.40625)
(2849,32.8125)
(2850,41.40625)
(2851,34.375)
(2852,39.84375)
(2853,35.15625)
(2854,42.96875)
(2855,35.15625)
(2856,42.1875)
(2857,33.59375)
(2858,40.625)
(2859,34.375)
(2860,38.28125)
(2861,34.375)
(2862,37.5)
(2863,34.375)
(2864,37.5)
(2865,32.8125)
(2866,36.71875)
(2867,31.25)
(2868,36.71875)
(2869,33.59375)
(2870,39.84375)
(2871,31.25)
(2872,39.84375)
(2873,30.46875)
(2874,39.84375)
(2875,31.25)
(2876,40.625)
(2877,31.25)
(2878,31.25)
(2879,39.0625)
(2880,31.25)
(2881,39.0625)
(2882,31.25)
(2883,38.28125)
(2884,31.25)
(2885,37.5)
(2886,29.6875)
(2887,37.5)
(2888,30.46875)
(2889,36.71875)
(2890,31.25)
(2891,35.9375)
(2892,30.46875)
(2893,37.5)
(2894,31.25)
(2895,36.71875)
(2896,30.46875)
(2897,29.6875)
(2898,35.9375)
(2899,16.40625)
(2900,35.9375)
(2901,32.03125)
(2902,35.9375)
(2903,33.59375)
(2904,35.15625)
(2905,33.59375)
(2906,35.15625)
(2907,32.03125)
(2908,36.71875)
(2909,30.46875)
(2910,35.9375)
(2911,32.03125)
(2912,36.71875)
(2913,32.03125)
(2914,37.5)
(2915,32.03125)
(2916,37.5)
(2917,34.375)
(2918,37.5)
(2919,35.15625)
(2920,36.71875)
(2921,34.375)
(2922,35.15625)
(2923,34.375)
(2924,35.9375)
(2925,33.59375)
(2926,35.9375)
(2927,32.8125)
(2928,35.9375)
(2929,31.25)
(2930,36.71875)
(2931,18.75)
(2932,31.25)
(2933,36.71875)
(2934,30.46875)
(2935,36.71875)
(2936,30.46875)
(2937,35.15625)
(2938,30.46875)
(2939,35.15625)
(2940,29.6875)
(2941,35.9375)
(2942,31.25)
(2943,35.15625)
(2944,31.25)
(2945,35.15625)
(2946,31.25)
(2947,34.375)
(2948,31.25)
(2949,34.375)
(2950,30.46875)
(2951,35.15625)
(2952,31.25)
(2953,34.375)
(2954,31.25)
(2955,35.15625)
(2956,32.03125)
(2957,35.9375)
(2958,32.8125)
(2959,35.15625)
(2960,33.59375)
(2961,35.9375)
(2962,34.375)
(2963,35.15625)
(2964,34.375)
(2965,34.375)
(2966,34.375)
(2967,34.375)
(2968,34.375)
(2969,34.375)
(2970,34.375)
(2971,35.9375)
(2972,35.15625)
(2973,35.15625)
(2974,35.15625)
(2975,35.15625)
(2976,35.15625)
(2977,34.375)
(2978,32.03125)
(2979,34.375)
(2980,32.8125)
(2981,35.15625)
(2982,32.8125)
(2983,35.15625)
(2984,36.71875)
(2985,34.375)
(2986,34.375)
(2987,33.59375)
(2988,34.375)
(2989,31.25)
(2990,34.375)
(2991,28.125)
(2992,34.375)
(2993,29.6875)
(2994,34.375)
(2995,32.03125)
(2996,35.9375)
(2997,28.90625)
(2998,34.375)
(2999,31.25)
(3000,35.15625)
(3001,32.8125)
(3002,35.15625)
(3003,32.8125)
(3004,34.375)
(3005,28.125)
(3006,27.34375)
(3007,34.375)
(3008,28.125)
(3009,34.375)
(3010,28.125)
(3011,34.375)
(3012,28.90625)
(3013,34.375)
(3014,26.5625)
(3015,34.375)
(3016,28.125)
(3017,34.375)
(3018,26.5625)
(3019,34.375)
(3020,24.21875)
(3021,34.375)
(3022,24.21875)
(3023,34.375)
(3024,24.21875)
(3025,34.375)
(3026,22.65625)
(3027,21.875)
(3028,36.71875)
(3029,11.71875)
(3030,35.9375)
(3031,21.875)
(3032,37.5)
(3033,25.0)
(3034,17.1875)
(3035,35.9375)
(3036,17.96875)
(3037,35.9375)
(3038,21.09375)
(3039,35.15625)
(3040,22.65625)
(3041,6.25)
(3042,33.59375)
(3043,27.34375)
(3044,33.59375)
(3045,21.875)
(3046,33.59375)
(3047,17.96875)
(3048,34.375)
(3049,12.5)
(3050,27.34375)
(3051,34.375)
(3052,22.65625)
(3053,35.15625)
(3054,15.625)
(3055,35.9375)
(3056,12.5)
(3057,6.25)
(3058,36.71875)
(3059,0.0)
(3060,35.9375)
(3061,21.875)
(3062,13.28125)
(3063,32.8125)
(3064,14.0625)
(3065,35.9375)
(3066,20.3125)
(3067,33.59375)
(3068,20.3125)
(3069,19.53125)
(3070,32.8125)
(3071,2.34375)
(3072,37.5)
(3073,10.9375)
(3074,13.28125)
(3075,23.4375)
(3076,13.28125)
(3077,34.375)
(3078,6.25)
(3079,8.59375)
(3080,28.90625)
(3081,6.25)
(3082,6.25)
(3083,3.125)
(3084,10.15625)
(3085,19.53125)
(3086,14.84375)
(3087,21.09375)
(3088,17.1875)
(3089,34.375)
(3090,15.625)
(3091,18.75)
(3092,26.5625)
(3093,19.53125)
(3094,33.59375)
(3095,21.09375)
(3096,32.8125)
(3097,19.53125)
(3098,36.71875)
(3099,20.3125)
(3100,19.53125)
(3101,35.9375)
(3102,19.53125)
(3103,35.9375)
(3104,19.53125)
(3105,18.75)
(3106,36.71875)
(3107,19.53125)
(3108,37.5)
(3109,21.09375)
(3110,21.09375)
(3111,37.5)
(3112,20.3125)
(3113,37.5)
(3114,21.09375)
(3115,36.71875)
(3116,21.09375)
(3117,19.53125)
(3118,36.71875)
(3119,14.84375)
(3120,37.5)
(3121,14.0625)
(3122,14.0625)
(3123,36.71875)
(3124,8.59375)
(3125,0.0)
(3126,36.71875)
(3127,0.0)
(3128,0.0)
(3129,35.9375)
(3130,8.59375)
(3131,34.375)
(3132,9.375)
(3133,8.59375)
(3134,33.59375)
(3135,10.9375)
(3136,32.8125)
(3137,0.0)
(3138,7.8125)
(3139,41.40625)
(3140,44.53125)
(3141,25.78125)
(3142,35.9375)
(3143,32.8125)
(3144,22.65625)
(3145,35.15625)
(3145,21.875)
(3146,16.40625)
(3147,45.3125)
(3148,16.40625)
(3149,44.53125)
(3150,15.625)
(3151,33.59375)
(3152,46.875)
(3153,17.96875)
(3154,40.625)
(3155,24.21875)
(3156,29.6875)
(3157,33.59375)
(3158,41.40625)
(3159,32.03125)
(3160,46.875)
(3161,30.46875)
(3162,44.53125)
(3163,29.6875)
(3164,34.375)
(3165,30.46875)
(3166,28.90625)
(3167,35.15625)
(3168,14.84375)
(3169,27.34375)
(3170,29.6875)
(3171,25.0)
(3172,14.0625)
(3173,27.34375)
(3174,22.65625)
(3175,26.5625)
(3176,29.6875)
(3177,20.3125)
(3177,28.90625)
(3178,16.40625)
(3179,27.34375)
(3180,27.34375)
(3181,39.84375)
(3182,32.8125)
(3183,27.34375)
(3184,10.15625)
(3185,31.25)
(3186,37.5)
(3187,28.125)
(3188,25.0)
(3189,30.46875)
(3190,41.40625)
(3191,31.25)
(3192,23.4375)
(3193,16.40625)
(3194,26.5625)
(3195,31.25)
(3196,24.21875)
(3197,19.53125)
(3198,24.21875)
(3199,14.0625)
(3200,28.125)
(3201,28.125)
(3202,16.40625)
(3203,25.78125)
(3204,25.78125)
(3205,25.78125)
(3206,14.84375)
(3207,15.625)
(3208,14.0625)
(3209,9.375)
(3210,15.625)
(3211,10.15625)
(3212,8.59375)
(3213,10.15625)
(3214,12.5)
(3215,9.375)
(3216,26.5625)
(3217,11.71875)
(3218,14.84375)
(3219,13.28125)
(3220,10.9375)
(3221,12.5)
(3222,28.90625)
(3223,10.9375)
(3224,27.34375)
(3225,10.9375)
(3226,27.34375)
(3227,10.15625)
(3228,10.9375)
(3229,21.875)
(3230,10.15625)
(3231,24.21875)
(3232,10.15625)
(3233,25.78125)
(3234,10.9375)
(3235,14.84375)
(3236,10.9375)
(3237,40.625)
(3238,10.15625)
(3239,34.375)
(3240,2.34375)
(3241,10.9375)
(3242,46.875)
(3243,0.0)
(3244,0.0)
(3245,40.625)
(3246,4.6875)
(3247,1.5625)
(3248,45.3125)
(3249,14.84375)
(3250,31.25)
(3251,0.0)
(3252,0.0)
(3253,30.46875)
(3254,0.0)
(3255,0.0)
(3256,32.8125)
(3257,0.0)
(3258,3.90625)
(3259,32.8125)
(3260,0.0)
(3261,32.03125)
(3262,0.0)
(3263,9.375)
(3264,36.71875)
(3265,14.84375)
(3266,36.71875)
(3267,15.625)
(3268,39.84375)
(3269,29.6875)
(3270,37.5)
(3271,17.96875)
(3272,18.75)
(3273,36.71875)
(3274,17.1875)
(3275,38.28125)
(3276,0.78125)
(3277,17.1875)
(3278,39.0625)
(3279,10.9375)
(3280,32.8125)
(3281,17.96875)
(3282,35.9375)
(3283,18.75)
(3284,17.96875)
(3285,35.9375)
(3286,17.1875)
(3287,38.28125)
(3288,9.375)
(3289,34.375)
(3290,17.96875)
(3291,15.625)
(3292,42.1875)
(3293,15.625)
(3294,41.40625)
(3295,14.0625)
(3296,16.40625)
(3297,39.0625)
(3298,15.625)
(3299,39.0625)
(3300,14.0625)
(3301,17.1875)
(3302,39.0625)
(3303,10.15625)
(3304,33.59375)
(3305,4.6875)
(3306,11.71875)
(3307,34.375)
(3308,10.15625)
(3309,39.0625)
(3310,3.125)
(3311,13.28125)
(3312,38.28125)
(3313,8.59375)
(3314,8.59375)
(3315,35.9375)
(3316,12.5)
(3317,37.5)
(3318,8.59375)
(3319,10.15625)
(3320,37.5)
(3321,14.0625)
(3322,14.84375)
(3323,34.375)
(3324,14.84375)
(3325,16.40625)
(3326,17.96875)
(3327,39.0625)
(3328,20.3125)
(3329,21.875)
(3330,18.75)
(3331,21.875)
(3332,19.53125)
(3333,21.09375)
(3334,13.28125)
(3335,21.875)
(3336,10.15625)
(3337,22.65625)
(3338,41.40625)
(3339,18.75)
(3340,19.53125)
(3341,16.40625)
(3342,22.65625)
(3343,15.625)
(3344,35.15625)
(3345,3.125)
(3346,0.0)
(3347,35.15625)
(3348,2.34375)
(3349,0.0)
(3350,35.15625)
(3351,0.0)
(3352,0.0)
(3353,34.375)
(3354,0.0)
(3355,0.0)
(3356,32.8125)
(3357,0.0)
(3358,0.78125)
(3359,5.46875)
(3360,21.875)
(3361,14.84375)
(3362,16.40625)
(3363,14.0625)
(3364,16.40625)
(3365,14.0625)
(3366,17.1875)
(3367,14.84375)
(3368,20.3125)
(3369,14.0625)
(3370,21.09375)
(3371,3.125)
(3372,26.5625)
(3373,2.34375)
(3374,0.0)
(3375,18.75)
(3376,13.28125)
(3377,23.4375)
(3378,19.53125)
(3379,21.875)
(3380,8.59375)
(3381,24.21875)
(3382,7.8125)
(3383,19.53125)
(3384,27.34375)
(3385,21.875)
(3386,45.3125)
(3387,23.4375)
(3388,34.375)
(3389,25.78125)
(3390,21.09375)
(3391,32.03125)
(3392,20.3125)
(3393,40.625)
(3394,20.3125)
(3395,37.5)
(3396,21.09375)
(3397,36.71875)
(3398,26.5625)
(3399,27.34375)
(3400,37.5)
(3401,20.3125)
(3402,38.28125)
(3403,21.875)
(3404,37.5)
(3405,25.0)
(3406,23.4375)
(3407,33.59375)
(3408,22.65625)
(3409,36.71875)
(3410,21.875)
(3411,37.5)
(3412,21.875)
(3413,39.0625)
(3414,12.5)
(3415,27.34375)
(3416,37.5)
(3417,26.5625)
(3418,36.71875)
(3419,25.0)
(3420,36.71875)
(3421,25.0)
(3422,34.375)
(3423,26.5625)
(3424,35.9375)
(3425,13.28125)
(3426,35.15625)
(3427,29.6875)
(3428,30.46875)
(3429,24.21875)
(3430,32.03125)
(3431,32.8125)
(3432,32.03125)
(3433,32.8125)
(3434,24.21875)
(3435,17.1875)
(3436,28.125)
(3437,21.09375)
(3438,23.4375)
(3439,30.46875)
(3440,20.3125)
(3441,30.46875)
(3442,28.125)
(3443,12.5)
(3444,28.125)
(3445,27.34375)
(3446,28.125)
(3447,12.5)
(3448,14.0625)
(3449,17.96875)
(3450,28.125)
(3451,21.875)
(3452,27.34375)
(3453,21.875)
(3454,35.9375)
(3455,19.53125)
(3456,35.15625)
(3457,19.53125)
(3458,27.34375)
(3459,21.875)
(3460,25.78125)
(3461,22.65625)
(3462,25.0)
(3463,32.03125)
(3464,21.875)
(3465,32.03125)
(3466,22.65625)
(3467,32.03125)
(3468,23.4375)
(3469,33.59375)
(3470,23.4375)
(3471,35.9375)
(3472,22.65625)
(3473,31.25)
(3474,19.53125)
(3475,34.375)
(3476,11.71875)
(3477,34.375)
(3478,18.75)
(3479,35.15625)
(3480,18.75)
(3481,32.03125)
(3482,11.71875)
(3483,14.84375)
(3484,28.125)
(3485,17.96875)
(3486,29.6875)
(3487,16.40625)
(3488,30.46875)
(3489,27.34375)
(3490,18.75)
(3491,25.0)
(3492,15.625)
(3493,17.96875)
(3494,18.75)
(3495,14.84375)
(3496,23.4375)
(3497,0.0)
(3498,25.78125)
(3499,17.96875)
(3500,17.1875)
(3501,18.75)
(3502,23.4375)
(3503,19.53125)
(3504,19.53125)
(3505,14.84375)
(3506,19.53125)
(3507,22.65625)
(3508,17.1875)
(3509,17.1875)
(3510,17.1875)
(3511,21.09375)
(3512,9.375)
(3513,19.53125)
(3514,0.0)
(3515,21.09375)
(3516,0.0)
(3517,11.71875)
(3518,1.5625)
(3519,23.4375)
(3520,26.5625)
(3521,20.3125)
(3522,22.65625)
(3523,20.3125)
(3524,17.1875)
(3525,17.1875)
(3526,26.5625)
(3527,16.40625)
(3528,34.375)
(3529,35.15625)
(3530,16.40625)
(3531,14.0625)
(3532,16.40625)
(3533,26.5625)
(3534,19.53125)
(3534,17.96875)
(3535,19.53125)
(3536,16.40625)
(3537,33.59375)
(3538,17.1875)
(3539,21.09375)
(3540,17.1875)
(3541,31.25)
(3542,35.9375)
(3543,15.625)
(3544,15.625)
(3545,28.125)
(3546,32.03125)
(3547,15.625)
(3548,25.0)
(3549,16.40625)
(3550,34.375)
(3551,17.1875)
(3552,34.375)
(3553,16.40625)
(3554,37.5)
(3555,17.1875)
(3556,33.59375)
(3557,17.96875)
(3558,46.875)
(3559,17.1875)
(3560,18.75)
(3561,46.875)
(3562,19.53125)
(3563,43.75)
(3564,17.1875)
(3565,46.09375)
(3566,18.75)
(3567,46.875)
(3568,19.53125)
(3569,19.53125)
(3570,44.53125)
(3571,18.75)
(3572,21.09375)
(3573,19.53125)
(3574,25.78125)
(3575,18.75)
(3576,19.53125)
(3577,32.8125)
(3578,17.1875)
(3579,24.21875)
(3580,17.96875)
(3581,49.21875)
(3582,19.53125)
(3583,17.96875)
(3584,51.5625)
(3585,17.1875)
(3586,25.78125)
(3587,17.1875)
(3588,23.4375)
(3589,15.625)
(3590,26.5625)
(3591,17.96875)
(3592,28.125)
(3593,28.125)
(3594,17.96875)
(3595,17.1875)
(3596,32.8125)
(3597,16.40625)
(3598,12.5)
(3599,19.53125)
(3600,17.1875)
(3601,13.28125)
(3602,19.53125)
(3603,15.625)
(3604,18.75)
(3605,14.0625)
(3606,17.96875)
(3607,14.0625)
(3608,20.3125)
(3609,14.0625)
(3610,14.84375)
(3611,17.96875)
(3612,14.0625)
(3613,16.40625)
(3614,13.28125)
(3615,16.40625)
(3616,14.84375)
(3617,16.40625)
(3618,14.84375)
(3619,18.75)
(3620,10.9375)
(3621,10.15625)
(3622,18.75)
(3623,14.84375)
(3624,17.96875)
(3625,14.0625)
(3626,16.40625)
(3627,11.71875)
(3628,14.84375)
(3629,11.71875)
(3630,17.96875)
(3631,14.0625)
(3632,15.625)
(3633,19.53125)
(3634,10.9375)
(3635,16.40625)
(3636,12.5)
(3637,19.53125)
(3638,15.625)
(3639,11.71875)
(3640,16.40625)
(3641,13.28125)
(3642,18.75)
(3643,12.5)
(3644,16.40625)
(3645,14.84375)
(3646,16.40625)
(3647,20.3125)
(3648,17.1875)
(3649,17.96875)
(3650,20.3125)
(3651,23.4375)
(3652,20.3125)
(3653,19.53125)
(3654,19.53125)
(3655,18.75)
(3656,14.84375)
(3657,17.1875)
(3658,21.09375)
(3659,18.75)
(3660,24.21875)
(3661,16.40625)
(3662,13.28125)
(3663,17.96875)
(3664,21.09375)
(3665,18.75)
(3666,18.75)
(3667,19.53125)
(3668,17.96875)
(3669,10.9375)
(3670,20.3125)
(3671,21.875)
(3672,17.1875)
(3673,19.53125)
(3674,16.40625)
(3675,20.3125)
(3676,15.625)
(3677,14.0625)
(3678,14.84375)
(3679,11.71875)
(3680,11.71875)
(3681,10.9375)
(3682,12.5)
(3683,12.5)
(3684,15.625)
(3685,25.78125)
(3686,14.0625)
(3687,35.15625)
(3688,15.625)
(3689,17.96875)
(3690,34.375)
(3691,32.03125)
(3692,17.96875)
(3693,28.90625)
(3694,15.625)
(3695,32.8125)
(3696,16.40625)
(3697,14.84375)
(3698,32.03125)
(3699,13.28125)
(3700,32.03125)
(3701,17.96875)
(3702,32.8125)
(3703,17.96875)
(3704,32.8125)
(3705,17.1875)
(3706,30.46875)
(3707,17.96875)
(3708,32.8125)
(3709,17.1875)
(3710,25.0)
(3711,15.625)
(3712,25.78125)
(3713,17.96875)
(3714,25.78125)
(3715,17.1875)
(3716,21.09375)
(3717,18.75)
(3718,22.65625)
(3719,18.75)
(3720,24.21875)
(3721,20.3125)
(3722,21.875)
(3723,19.53125)
(3724,21.09375)
(3725,19.53125)
(3726,2.34375)
(3727,37.5)
(3728,2.34375)
(3729,20.3125)
(3730,34.375)
(3731,21.09375)
(3732,36.71875)
(3733,20.3125)
(3734,35.15625)
(3735,20.3125)
(3736,32.8125)
(3737,20.3125)
(3738,35.15625)
(3739,20.3125)
(3740,21.875)
(3741,34.375)
(3742,32.03125)
(3743,21.09375)
(3744,32.03125)
(3745,21.09375)
(3746,31.25)
(3747,12.5)
(3748,25.78125)
(3749,0.0)
(3750,21.09375)
(3751,28.125)
(3752,21.09375)
(3753,28.125)
(3754,24.21875)
(3755,9.375)
(3756,23.4375)
(3757,21.09375)
(3758,34.375)
(3759,21.09375)
(3760,39.84375)
(3761,21.875)
(3762,39.84375)
(3763,21.875)
(3764,37.5)
(3765,21.875)
(3766,41.40625)
(3767,21.09375)
(3768,39.0625)
(3769,21.09375)
(3770,38.28125)
(3771,21.875)
(3772,35.9375)
(3773,21.875)
(3774,35.15625)
(3775,21.09375)
(3776,37.5)
(3777,21.09375)
(3778,33.59375)
(3779,21.875)
(3780,32.8125)
(3781,21.09375)
(3782,33.59375)
(3783,21.09375)
(3784,32.8125)
(3785,21.09375)
(3786,32.8125)
(3787,21.09375)
(3788,35.15625)
(3789,21.09375)
(3790,34.375)
(3791,21.09375)
(3792,35.9375)
(3793,21.09375)
(3794,35.9375)
(3795,21.09375)
(3796,38.28125)
(3797,21.09375)
(3798,40.625)
(3799,21.09375)
(3800,39.84375)
(3801,21.09375)
(3802,38.28125)
(3803,21.09375)
(3804,21.09375)
(3805,34.375)
(3806,21.09375)
(3807,33.59375)
(3808,21.09375)
(3809,32.03125)
(3810,20.3125)
(3811,32.03125)
(3812,21.09375)
(3813,36.71875)
(3814,21.09375)
(3815,35.15625)
(3816,21.09375)
(3817,33.59375)
(3818,21.09375)
(3819,28.125)
(3820,21.09375)
(3821,31.25)
(3822,21.09375)
(3823,18.75)
(3824,21.09375)
(3825,35.15625)
(3826,20.3125)
(3827,34.375)
(3828,21.09375)
(3829,33.59375)
(3830,21.09375)
(3831,35.15625)
(3832,21.09375)
(3833,35.9375)
(3834,21.09375)
(3835,35.9375)
(3836,21.09375)
(3837,36.71875)
(3838,38.28125)
(3839,21.09375)
(3840,39.0625)
(3841,21.09375)
(3842,21.09375)
(3843,41.40625)
(3844,21.09375)
(3845,39.0625)
(3846,21.09375)
(3847,38.28125)
(3848,21.09375)
(3849,39.84375)
(3850,21.09375)
(3851,34.375)
(3852,21.09375)
(3853,32.8125)
(3854,21.09375)
(3855,36.71875)
(3856,21.09375)
(3857,39.0625)
(3858,21.09375)
(3859,21.09375)
(3860,39.0625)
(3861,21.09375)
(3862,38.28125)
(3863,39.0625)
(3864,21.09375)
(3865,21.09375)
(3866,38.28125)
(3867,21.09375)
(3868,39.0625)
(3869,21.09375)
(3870,17.1875)
(3871,21.09375)
(3872,35.9375)
(3873,21.09375)
(3874,38.28125)
(3875,21.09375)
(3876,21.09375)
(3877,36.71875)
(3878,21.09375)
(3878,35.15625)
(3879,32.8125)
(3880,21.09375)
(3881,33.59375)
(3882,21.09375)
(3883,33.59375)
(3884,21.09375)
(3885,34.375)
(3886,21.09375)
(3887,34.375)
(3888,21.09375)
(3889,32.8125)
(3890,21.09375)
(3891,36.71875)
(3892,21.09375)
(3893,35.15625)
(3894,21.09375)
(3895,32.8125)
(3896,21.09375)
(3897,34.375)
(3898,21.09375)
(3899,38.28125)
(3900,21.09375)
(3901,37.5)
(3902,21.09375)
(3903,36.71875)
(3904,21.09375)
(3905,35.15625)
(3906,21.09375)
(3907,35.15625)
(3908,21.09375)
(3909,35.15625)
(3910,21.09375)
(3911,32.03125)
(3912,21.09375)
(3913,32.03125)
(3914,21.09375)
(3915,32.03125)
(3916,21.09375)
(3917,33.59375)
(3918,21.09375)
(3919,35.15625)
(3920,21.09375)
(3921,33.59375)
(3922,21.09375)
(3923,32.03125)
(3924,21.09375)
(3925,31.25)
(3926,21.09375)
(3927,32.03125)
(3928,21.09375)
(3929,35.9375)
(3930,21.09375)
(3931,39.0625)
(3932,21.09375)
(3933,21.09375)
(3934,39.0625)
(3935,37.5)
(3936,21.09375)
(3937,37.5)
(3938,21.09375)
(3939,37.5)
(3940,21.09375)
(3941,34.375)
(3942,21.09375)
(3943,35.15625)
(3944,21.09375)
(3945,33.59375)
(3946,21.09375)
(3947,32.8125)
(3948,21.09375)
(3949,34.375)
(3950,21.09375)
(3951,33.59375)
(3952,21.09375)
(3953,35.15625)
(3954,21.09375)
(3955,21.09375)
(3956,33.59375)
(3957,21.09375)
(3958,35.15625)
(3959,21.09375)
(3960,35.15625)
(3961,21.09375)
(3962,35.9375)
(3963,21.09375)
(3964,21.09375)
(3965,32.8125)
(3966,21.09375)
(3967,32.8125)
(3968,21.09375)
(3969,32.03125)
(3970,28.125)
(3971,21.09375)
(3972,28.125)
(3973,21.09375)
(3974,32.03125)
(3975,21.09375)
(3976,28.90625)
(3977,21.09375)
(3978,30.46875)
(3979,21.09375)
(3980,32.03125)
(3981,21.09375)
(3982,29.6875)
(3983,21.09375)
(3984,29.6875)
(3985,21.09375)
(3986,28.90625)
(3987,21.09375)
(3988,33.59375)
(3989,21.09375)
(3990,29.6875)
(3991,21.09375)
(3992,34.375)
(3993,21.09375)
(3994,28.125)
(3995,21.09375)
(3996,34.375)
(3997,21.09375)
(3998,30.46875)
(3999,21.09375)
(4000,30.46875)
(4001,28.125)
(4002,21.09375)
(4003,21.09375)
(4004,27.34375)
(4005,21.09375)
(4006,29.6875)
(4007,21.09375)
(4008,26.5625)
(4009,21.09375)
(4010,30.46875)
(4011,21.09375)
(4012,27.34375)
(4013,21.09375)
(4014,26.5625)
(4015,26.5625)
(4016,19.53125)
(4017,26.5625)
(4018,12.5)
(4019,21.875)
(4020,21.09375)
(4021,24.21875)
(4022,21.875)
(4023,25.78125)
(4024,21.875)
(4025,24.21875)
(4026,21.875)
(4027,24.21875)
(4028,21.875)
(4029,25.0)
(4030,21.875)
(4031,25.0)
(4032,21.875)
(4033,24.21875)
(4034,21.875)
(4035,25.0)
(4036,15.625)
(4037,16.40625)
(4038,21.09375)
(4039,22.65625)
(4040,19.53125)
(4041,23.4375)
(4042,21.09375)
(4043,17.96875)
(4044,16.40625)
(4045,21.09375)
(4046,22.65625)
(4047,21.875)
(4048,21.09375)
(4049,26.5625)
(4050,26.5625)
(4051,21.09375)
(4052,27.34375)
(4053,21.09375)
(4054,21.875)
(4055,20.3125)
(4056,15.625)
(4057,25.0)
(4058,21.875)
(4059,25.0)
(4060,21.875)
(4061,25.0)
(4062,17.96875)
(4063,25.78125)
(4064,21.09375)
(4065,25.78125)
(4066,21.09375)
(4067,17.96875)
(4068,21.875)
(4069,25.0)
(4070,21.875)
(4071,24.21875)
(4072,21.875)
(4073,16.40625)
(4074,13.28125)
(4075,21.875)
(4076,14.84375)
(4077,21.875)
(4078,11.71875)
(4079,21.875)
(4080,13.28125)
(4081,13.28125)
(4082,27.34375)
(4083,21.09375)
(4084,17.1875)
(4085,21.09375)
(4086,23.4375)
(4087,21.09375)
(4088,20.3125)
(4089,21.875)
(4090,17.96875)
(4091,21.09375)
(4092,24.21875)
(4093,21.09375)
(4094,22.65625)
(4095,21.09375)
(4096,27.34375)
(4097,17.96875)
(4098,21.09375)
(4099,23.4375)
(4100,21.09375)
(4101,25.78125)
(4102,21.875)
(4103,19.53125)
(4104,21.09375)
(4105,28.125)
(4106,21.09375)
(4107,20.3125)
(4108,21.09375)
(4109,25.0)
(4110,21.09375)
(4111,25.78125)
(4112,21.09375)
(4113,22.65625)
(4114,21.09375)
(4115,19.53125)
(4116,18.75)
(4117,21.09375)
(4118,23.4375)
(4119,23.4375)
(4120,20.3125)
(4121,24.21875)
(4122,20.3125)
(4123,16.40625)
(4124,17.96875)
(4125,23.4375)
(4126,21.09375)
(4127,20.3125)
(4128,21.09375)
(4129,24.21875)
(4130,21.09375)
(4131,25.78125)
(4132,18.75)
(4133,22.65625)
(4134,21.875)
(4135,23.4375)
(4136,21.875)
(4137,25.78125)
(4138,21.875)
(4139,19.53125)
(4140,21.875)
(4141,27.34375)
(4142,21.875)
(4143,29.6875)
(4144,21.875)
(4145,29.6875)
(4146,21.875)
(4147,25.0)
(4148,21.875)
(4149,32.03125)
(4150,13.28125)
(4151,21.875)
(4152,21.09375)
(4153,25.78125)
(4154,21.09375)
(4155,28.125)
(4156,21.09375)
(4157,28.90625)
(4158,21.09375)
(4159,28.125)
(4160,21.09375)
(4161,26.5625)
(4162,21.09375)
(4163,23.4375)
(4164,18.75)
(4165,20.3125)
(4166,20.3125)
(4167,19.53125)
(4168,19.53125)
(4169,31.25)
(4170,19.53125)
(4171,24.21875)
(4172,20.3125)
(4173,27.34375)
(4174,21.09375)
(4175,30.46875)
(4176,21.09375)
(4177,30.46875)
(4178,20.3125)
(4179,28.125)
(4180,21.09375)
(4181,20.3125)
(4181,26.5625)
(4182,35.9375)
(4183,20.3125)
(4184,33.59375)
(4185,18.75)
(4186,32.03125)
(4187,18.75)
(4188,31.25)
(4189,18.75)
(4190,33.59375)
(4191,18.75)
(4192,32.8125)
(4193,17.96875)
(4194,32.8125)
(4195,17.96875)
(4196,32.8125)
(4197,18.75)
(4198,21.09375)
(4199,31.25)
(4200,17.96875)
(4201,32.8125)
(4202,18.75)
(4203,32.03125)
(4204,30.46875)
(4205,17.96875)
(4206,18.75)
(4207,28.90625)
(4208,21.09375)
(4209,25.0)
(4210,17.96875)
(4211,32.8125)
(4212,20.3125)
(4213,29.6875)
(4214,18.75)
(4215,27.34375)
(4216,28.90625)
(4217,20.3125)
(4218,30.46875)
(4219,18.75)
(4220,26.5625)
(4221,18.75)
(4222,20.3125)
(4223,18.75)
(4224,26.5625)
(4225,20.3125)
(4226,27.34375)
(4227,18.75)
(4228,26.5625)
(4229,19.53125)
(4230,26.5625)
(4231,19.53125)
(4232,28.125)
(4233,19.53125)
(4234,28.90625)
(4235,18.75)
(4236,30.46875)
(4237,18.75)
(4238,32.03125)
(4239,18.75)
(4240,28.125)
(4241,21.09375)
(4242,25.0)
(4243,21.09375)
(4244,29.6875)
(4245,21.09375)
(4246,21.09375)
(4247,32.8125)
(4248,32.03125)
(4249,21.09375)
(4250,26.5625)
(4251,21.09375)
(4252,22.65625)
(4253,21.09375)
(4254,21.875)
(4255,22.65625)
(4256,21.09375)
(4257,21.09375)
(4257,19.53125)
(4258,15.625)
(4259,21.09375)
(4260,27.34375)
(4261,21.09375)
(4262,29.6875)
(4263,21.09375)
(4264,25.78125)
(4265,21.09375)
(4266,12.5)
(4267,21.09375)
(4268,14.84375)
(4269,21.09375)
(4270,13.28125)
(4271,21.09375)
(4272,11.71875)
(4273,21.09375)
(4274,12.5)
(4275,21.09375)
(4276,13.28125)
(4277,21.09375)
(4278,22.65625)
(4279,21.09375)
(4280,14.0625)
(4281,21.09375)
(4282,27.34375)
(4283,21.09375)
(4284,22.65625)
(4285,21.09375)
(4286,18.75)
(4287,21.09375)
(4288,21.09375)
(4289,21.09375)
(4290,21.875)
(4291,21.09375)
(4292,22.65625)
(4293,21.09375)
(4294,24.21875)
(4295,21.09375)
(4296,20.3125)
(4297,21.09375)
(4298,20.3125)
(4299,21.09375)
(4300,18.75)
(4301,21.09375)
(4302,18.75)
(4303,17.1875)
(4304,18.75)
(4305,21.09375)
(4306,20.3125)
(4307,21.09375)
(4308,20.3125)
(4309,17.1875)
(4310,0.0)
(4311,21.09375)
(4312,18.75)
(4313,21.09375)
(4314,18.75)
(4315,18.75)
(4316,21.09375)
(4317,16.40625)
(4318,21.09375)
(4319,17.96875)
(4320,21.09375)
(4321,19.53125)
(4322,21.09375)
(4323,7.8125)
(4324,21.09375)
(4325,14.84375)
(4326,21.09375)
(4327,17.96875)
(4328,21.09375)
(4329,20.3125)
(4330,21.09375)
(4331,21.09375)
(4332,21.09375)
(4333,18.75)
(4334,21.09375)
(4335,10.15625)
(4336,21.09375)
(4337,14.84375)
(4338,21.09375)
(4339,10.15625)
(4340,14.84375)
(4341,19.53125)
(4342,14.84375)
(4343,17.1875)
(4344,14.84375)
(4345,14.84375)
(4346,18.75)
(4347,14.84375)
(4348,17.96875)
(4349,14.0625)
(4350,17.1875)
(4351,14.0625)
(4352,14.84375)
(4353,14.0625)
(4354,21.09375)
(4355,21.09375)
(4356,14.84375)
(4357,8.59375)
(4358,18.75)
(4359,2.34375)
(4360,19.53125)
(4361,5.46875)
(4362,21.875)
(4363,2.34375)
(4364,18.75)
(4365,6.25)
(4366,17.96875)
(4367,0.0)
(4368,16.40625)
(4369,16.40625)
(4370,2.34375)
(4371,21.875)
(4372,3.125)
(4373,21.09375)
(4374,2.34375)
(4375,9.375)
(4376,3.125)
(4377,21.09375)
(4378,7.8125)
(4379,21.875)
(4380,21.875)
(4381,32.8125)
(4382,18.75)
(4383,21.09375)
(4384,24.21875)
(4385,23.4375)
(4386,27.34375)
(4387,27.34375)
(4388,27.34375)
(4389,26.5625)
(4390,27.34375)
(4391,17.96875)
(4392,30.46875)
(4393,28.90625)
(4394,33.59375)
(4395,28.90625)
(4396,27.34375)
(4397,27.34375)
(4398,30.46875)
(4399,28.90625)
(4400,28.90625)
(4401,27.34375)
(4402,32.8125)
(4403,27.34375)
(4404,27.34375)
(4405,27.34375)
(4406,26.5625)
(4407,32.8125)
(4408,21.09375)
(4409,25.0)
(4410,21.875)
(4411,21.875)
(4412,22.65625)
(4413,17.1875)
(4414,21.875)
(4415,25.0)
(4416,17.96875)
(4417,16.40625)
(4418,15.625)
(4419,25.0)
(4420,20.3125)
(4421,18.75)
(4422,21.875)
(4423,25.78125)
(4424,22.65625)
(4425,24.21875)
(4426,25.78125)
(4427,25.78125)
(4428,22.65625)
(4429,21.09375)
(4430,21.875)
(4431,24.21875)
(4432,26.5625)
(4433,24.21875)
(4434,26.5625)
(4435,23.4375)
(4436,25.78125)
(4437,28.90625)
(4438,17.1875)
(4439,24.21875)
(4440,18.75)
(4441,16.40625)
(4442,10.15625)
(4443,23.4375)
(4444,14.0625)
(4445,10.15625)
(4446,11.71875)
(4447,21.875)
(4448,17.96875)
(4449,14.84375)
(4450,21.875)
(4451,10.9375)
(4452,20.3125)
(4453,12.5)
(4454,18.75)
(4455,20.3125)
(4456,10.15625)
(4457,12.5)
(4458,21.875)
(4459,13.28125)
(4460,20.3125)
(4461,17.1875)
(4462,5.46875)
(4463,14.84375)
(4464,17.1875)
(4465,35.9375)
(4466,21.09375)
(4467,45.3125)
(4468,20.3125)
(4469,35.15625)
(4470,30.46875)
(4471,36.71875)
(4472,20.3125)
(4473,19.53125)
(4474,37.5)
(4475,36.71875)
(4476,36.71875)
(4477,35.15625)
(4478,36.71875)
(4479,33.59375)
(4480,37.5)
(4481,31.25)
(4482,32.03125)
(4483,32.03125)
(4484,31.25)
(4485,31.25)
(4486,32.03125)
(4487,31.25)
(4488,31.25)
(4489,32.03125)
(4490,29.6875)
(4491,30.46875)
(4492,49.21875)
(4493,21.875)
(4494,47.65625)
(4495,32.03125)
(4496,23.4375)
(4497,46.09375)
(4498,21.875)
(4499,46.875)
(4500,21.875)
(4501,21.09375)
(4502,50.78125)
(4503,23.4375)
(4504,49.21875)
(4505,22.65625)
(4506,21.875)
(4507,46.09375)
(4508,22.65625)
(4509,49.21875)
(4510,21.875)
(4511,32.8125)
(4512,21.875)
(4513,33.59375)
(4514,31.25)
(4515,42.96875)
(4516,35.9375)
(4517,42.96875)
(4518,35.15625)
(4519,43.75)
(4520,34.375)
(4521,46.09375)
(4522,35.15625)
(4523,46.09375)
(4524,35.15625)
(4525,46.09375)
(4526,33.59375)
(4527,47.65625)
(4528,32.03125)
(4529,49.21875)
(4530,31.25)
(4531,46.875)
(4532,31.25)
(4533,29.6875)
(4534,46.875)
(4535,32.8125)
(4536,43.75)
(4537,35.15625)
(4538,46.09375)
(4539,36.71875)
(4540,34.375)
(4541,37.5)
(4542,32.8125)
(4543,39.0625)
(4544,33.59375)
(4545,34.375)
(4546,33.59375)
(4547,35.15625)
(4548,33.59375)
(4549,34.375)
(4550,33.59375)
(4551,34.375)
(4552,33.59375)
(4553,35.15625)
(4554,32.8125)
(4555,34.375)
(4556,32.03125)
(4557,32.8125)
(4558,31.25)
(4559,32.03125)
(4560,32.03125)
(4561,31.25)
(4562,30.46875)
(4563,22.65625)
(4564,33.59375)
(4565,25.0)
(4566,20.3125)
(4567,32.03125)
(4568,35.15625)
(4569,32.8125)
(4570,35.15625)
(4571,22.65625)
(4572,17.1875)
(4573,34.375)
(4574,23.4375)
(4575,33.59375)
(4576,24.21875)
(4577,32.03125)
(4578,22.65625)
(4579,31.25)
(4580,22.65625)
(4581,32.03125)
(4582,21.875)
(4583,32.8125)
(4584,23.4375)
(4585,34.375)
(4586,23.4375)
(4587,35.15625)
(4588,22.65625)
(4589,35.9375)
(4590,24.21875)
(4591,22.65625)
(4592,35.9375)
(4593,37.5)
(4594,46.875)
(4595,24.21875)
(4596,23.4375)
(4597,35.9375)
(4598,20.3125)
(4599,36.71875)
(4600,24.21875)
(4601,39.0625)
(4602,23.4375)
(4603,35.9375)
(4604,24.21875)
(4605,37.5)
(4606,22.65625)
(4607,25.0)
(4608,37.5)
(4609,35.15625)
(4610,37.5)
(4611,20.3125)
(4612,37.5)
(4613,38.28125)
(4614,37.5)
(4615,24.21875)
(4616,37.5)
(4617,35.15625)
(4618,38.28125)
(4619,19.53125)
(4620,36.71875)
(4621,25.0)
(4622,23.4375)
(4623,37.5)
(4624,22.65625)
(4625,35.9375)
(4626,22.65625)
(4627,35.15625)
(4628,25.0)
(4629,36.71875)
(4630,25.78125)
(4631,36.71875)
(4632,25.78125)
(4633,36.71875)
(4634,35.9375)
(4635,36.71875)
(4636,36.71875)
(4637,25.78125)
(4638,36.71875)
(4639,24.21875)
(4640,35.9375)
(4641,27.34375)
(4642,35.9375)
(4643,25.0)
(4644,35.15625)
(4645,24.21875)
(4646,36.71875)
(4647,21.875)
(4648,24.21875)
(4649,35.9375)
(4650,23.4375)
(4651,36.71875)
(4652,34.375)
(4653,37.5)
(4654,20.3125)
(4655,37.5)
(4656,37.5)
(4657,32.03125)
(4658,36.71875)
(4659,34.375)
(4660,38.28125)
(4661,34.375)
(4662,38.28125)
(4663,35.15625)
(4664,37.5)
(4665,34.375)
(4666,36.71875)
(4667,34.375)
(4668,38.28125)
(4669,35.15625)
(4670,37.5)
(4671,35.9375)
(4672,37.5)
(4673,35.15625)
(4674,37.5)
(4675,32.8125)
(4676,37.5)
(4677,37.5)
(4678,35.15625)
(4679,37.5)
(4680,25.0)
(4681,37.5)
(4682,25.78125)
(4683,36.71875)
(4684,21.875)
(4685,35.9375)
(4686,25.0)
(4687,25.0)
(4688,35.9375)
(4689,23.4375)
(4690,35.9375)
(4691,35.15625)
(4692,35.9375)
(4693,36.71875)
(4694,35.15625)
(4695,36.71875)
(4696,35.9375)
(4697,35.9375)
(4698,32.8125)
(4699,35.9375)
(4700,25.78125)
(4701,36.71875)
(4702,25.78125)
(4703,35.9375)
(4704,39.84375)
(4705,36.71875)
(4706,35.15625)
(4707,36.71875)
(4708,35.15625)
(4709,36.71875)
(4710,35.9375)
(4711,36.71875)
(4712,36.71875)
(4713,36.71875)
(4714,38.28125)
(4715,37.5)
(4716,37.5)
(4717,21.09375)
(4718,35.15625)
(4719,38.28125)
(4720,21.875)
(4721,38.28125)
(4722,42.1875)
(4723,38.28125)
(4724,36.71875)
(4725,21.875)
(4726,35.15625)
(4727,35.9375)
(4728,35.9375)
(4729,42.1875)
(4730,35.9375)
(4731,25.0)
(4732,35.9375)
(4733,25.0)
(4734,25.78125)
(4735,35.9375)
(4736,34.375)
(4737,25.78125)
(4738,34.375)
(4739,25.78125)
(4740,34.375)
(4741,25.78125)
(4742,33.59375)
(4743,25.78125)
(4744,32.8125)
(4745,25.78125)
(4746,33.59375)
(4747,25.78125)
(4748,33.59375)
(4749,25.78125)
(4750,33.59375)
(4751,25.78125)
(4752,32.8125)
(4753,26.5625)
(4754,32.8125)
(4755,25.78125)
(4756,33.59375)
(4757,25.0)
(4758,32.8125)
(4759,25.78125)
(4760,32.03125)
(4761,26.5625)
(4762,32.8125)
(4763,25.78125)
(4764,32.8125)
(4765,25.78125)
(4766,33.59375)
(4767,25.0)
(4768,26.5625)
(4769,33.59375)
(4770,25.0)
(4771,35.15625)
(4772,24.21875)
(4773,33.59375)
(4774,40.625)
(4775,35.15625)
(4776,38.28125)
(4777,34.375)
(4778,34.375)
(4779,28.90625)
(4780,34.375)
(4781,18.75)
(4782,34.375)
(4783,34.375)
(4784,34.375)
(4785,21.875)
(4786,21.09375)
(4787,35.9375)
(4788,19.53125)
(4789,35.9375)
(4790,16.40625)
(4791,36.71875)
(4792,34.375)
(4793,35.9375)
(4794,39.0625)
(4795,35.15625)
(4796,35.15625)
(4797,35.9375)
(4798,35.9375)
(4799,36.71875)
(4800,35.15625)
(4801,35.9375)
(4802,36.71875)
(4803,25.78125)
(4804,36.71875)
(4805,25.78125)
(4806,37.5)
(4807,37.5)
(4808,32.8125)
(4809,37.5)
(4810,36.71875)
(4811,35.9375)
(4812,35.15625)
(4813,37.5)
(4814,21.875)
(4815,35.9375)
(4816,28.125)
(4817,35.9375)
(4818,35.15625)
(4819,35.9375)
(4820,35.15625)
(4821,25.0)
(4822,35.15625)
(4823,25.78125)
(4824,34.375)
(4825,24.21875)
(4826,34.375)
(4827,24.21875)
(4828,35.9375)
(4829,24.21875)
(4830,35.9375)
(4831,25.0)
(4832,36.71875)
(4833,24.21875)
(4834,35.9375)
(4835,25.0)
(4836,36.71875)
(4837,30.46875)
(4838,37.5)
(4839,21.09375)
(4840,35.9375)
(4841,25.0)
(4842,35.9375)
(4843,33.59375)
(4844,35.15625)
(4845,35.9375)
(4846,34.375)
(4847,22.65625)
(4848,35.15625)
(4849,32.8125)
(4850,35.15625)
(4851,39.84375)
(4852,35.15625)
(4853,39.84375)
(4854,35.9375)
(4855,35.15625)
(4856,34.375)
(4857,35.15625)
(4858,34.375)
(4859,35.15625)
(4860,35.9375)
(4861,35.15625)
(4862,34.375)
(4863,26.5625)
(4864,36.71875)
(4865,34.375)
(4866,35.9375)
(4867,35.15625)
(4868,35.9375)
(4869,35.15625)
(4870,35.9375)
(4871,34.375)
(4872,35.15625)
(4873,34.375)
(4874,35.9375)
(4875,34.375)
(4876,35.15625)
(4877,35.15625)
(4878,35.15625)
(4879,35.15625)
(4880,35.15625)
(4881,35.15625)
(4882,34.375)
(4883,35.9375)
(4884,34.375)
(4885,35.15625)
(4886,34.375)
(4887,35.15625)
(4888,34.375)
(4889,35.15625)
(4890,36.71875)
(4891,35.15625)
(4892,35.9375)
(4893,35.9375)
(4894,35.15625)
(4895,35.15625)
(4896,22.65625)
(4897,35.15625)
(4898,35.9375)
(4899,35.15625)
(4900,35.9375)
(4901,35.15625)
(4902,35.9375)
(4903,35.15625)
(4904,35.9375)
(4905,35.9375)
(4906,35.9375)
(4907,34.375)
(4908,33.59375)
(4909,36.71875)
(4910,35.15625)
(4911,35.15625)
(4912,35.9375)
(4913,35.9375)
(4914,36.71875)
(4915,35.15625)
(4916,36.71875)
(4917,35.15625)
(4918,36.71875)
(4919,36.71875)
(4920,24.21875)
(4921,36.71875)
(4922,28.125)
(4923,36.71875)
(4924,36.71875)
(4925,36.71875)
(4926,35.9375)
(4927,36.71875)
(4928,36.71875)
(4929,36.71875)
(4930,35.15625)
(4931,36.71875)
(4932,35.15625)
(4933,36.71875)
(4934,35.15625)
(4935,35.9375)
(4936,35.9375)
(4937,35.15625)
(4938,35.9375)
(4939,35.9375)
(4940,35.9375)
(4941,34.375)
(4942,35.9375)
(4943,33.59375)
(4944,34.375)
(4945,33.59375)
(4946,35.15625)
(4947,35.15625)
(4948,35.15625)
(4949,32.8125)
(4950,32.8125)
(4951,35.15625)
(4952,32.8125)
(4953,36.71875)
(4954,34.375)
(4955,35.9375)
(4956,34.375)
(4957,36.71875)
(4958,35.15625)
(4959,36.71875)
(4960,35.15625)
(4961,35.9375)
(4962,35.9375)
(4963,35.9375)
(4964,33.59375)
(4965,23.4375)
(4966,34.375)
(4967,35.9375)
(4968,35.15625)
(4969,37.5)
(4970,35.15625)
(4971,36.71875)
(4972,35.15625)
(4973,36.71875)
(4974,35.15625)
(4975,36.71875)
(4976,35.15625)
(4977,34.375)
(4978,36.71875)
(4979,35.15625)
(4980,17.1875)
(4981,36.71875)
(4982,35.9375)
(4983,35.9375)
(4984,36.71875)
(4985,36.71875)
(4986,38.28125)
(4987,35.9375)
(4988,18.75)
(4989,36.71875)
(4990,33.59375)
(4991,33.59375)
(4992,21.875)
(4993,34.375)
(4994,35.9375)
(4995,34.375)
(4996,28.90625)
(4997,34.375)
(4998,29.6875)
(4999,21.875)
(5000,37.5)
(5001,35.15625)
(5002,38.28125)
(5003,25.0)
(5004,38.28125)
(5005,25.0)
(5006,39.84375)
(5007,22.65625)
(5008,41.40625)
(5009,21.875)
(5010,21.09375)
(5011,41.40625)
(5012,32.8125)
(5013,43.75)
(5014,29.6875)
(5015,45.3125)
(5016,28.90625)
(5017,42.96875)
(5018,28.125)
(5019,44.53125)
(5020,26.5625)
(5021,25.78125)
(5022,46.875)
(5023,25.78125)
(5024,45.3125)
(5025,26.5625)
(5026,45.3125)
(5027,44.53125)
(5028,28.90625)
(5029,42.1875)
(5030,28.90625)
(5031,26.5625)
(5032,41.40625)
(5033,22.65625)
(5034,38.28125)
(5035,24.21875)
(5036,34.375)
(5037,33.59375)
(5038,23.4375)
(5039,35.15625)
(5040,32.03125)
(5041,33.59375)
(5042,32.03125)
(5043,34.375)
(5044,33.59375)
(5045,25.0)
(5046,23.4375)
(5047,24.21875)
(5048,24.21875)
(5049,24.21875)
(5050,21.875)
(5051,25.0)
(5052,23.4375)
(5053,24.21875)
(5054,25.78125)
(5055,22.65625)
(5056,25.0)
(5057,25.78125)
(5058,31.25)
(5059,27.34375)
(5060,28.90625)
(5061,25.0)
(5062,24.21875)
(5063,39.84375)
(5064,22.65625)
(5065,39.0625)
(5066,21.875)
(5067,22.65625)
(5068,35.9375)
(5069,32.8125)
(5070,38.28125)
(5071,30.46875)
(5072,39.0625)
(5073,28.90625)
(5074,39.84375)
(5075,27.34375)
(5076,39.0625)
(5077,25.78125)
(5078,35.9375)
(5079,27.34375)
(5080,38.28125)
(5081,26.5625)
(5082,23.4375)
(5083,37.5)
(5084,29.6875)
(5085,36.71875)
(5086,27.34375)
(5087,35.9375)
(5088,28.125)
(5089,36.71875)
(5090,25.78125)
(5091,36.71875)
(5092,25.78125)
(5093,35.15625)
(5094,29.6875)
(5095,34.375)
(5096,32.03125)
(5097,35.9375)
(5098,30.46875)
(5099,38.28125)
(5100,25.78125)
(5101,25.78125)
(5102,31.25)
(5103,23.4375)
(5104,22.65625)
(5105,38.28125)
(5106,28.90625)
(5107,37.5)
(5108,25.78125)
(5109,25.0)
(5110,24.21875)
(5111,25.0)
(5112,26.5625)
(5113,35.9375)
(5114,32.03125)
(5115,25.78125)
(5116,33.59375)
(5117,25.78125)
(5118,33.59375)
(5119,26.5625)
(5120,34.375)
(5121,27.34375)
(5122,29.6875)
(5123,32.8125)
(5124,27.34375)
(5125,26.5625)
(5126,28.125)
(5127,34.375)
(5128,39.0625)
(5129,25.0)
(5130,39.0625)
(5131,23.4375)
(5132,38.28125)
(5133,24.21875)
(5134,24.21875)
(5135,39.84375)
(5136,21.09375)
(5137,39.0625)
(5138,22.65625)
(5139,35.9375)
(5140,20.3125)
(5141,34.375)
(5142,36.71875)
(5143,17.96875)
(5144,37.5)
(5145,8.59375)
(5146,37.5)
(5147,8.59375)
(5148,7.03125)
(5149,39.0625)
(5150,13.28125)
(5151,7.8125)
(5152,21.875)
(5153,7.8125)
(5154,37.5)
(5155,3.125)
(5156,15.625)
(5157,35.15625)
(5158,12.5)
(5159,33.59375)
(5160,12.5)
(5161,11.71875)
(5162,32.8125)
(5163,18.75)
(5164,33.59375)
(5165,24.21875)
(5166,32.8125)
(5167,17.96875)
(5168,32.03125)
(5169,14.84375)
(5170,33.59375)
(5171,36.71875)
(5172,21.09375)
(5173,38.28125)
(5174,24.21875)
(5175,38.28125)
(5176,14.0625)
(5177,25.78125)
(5178,39.84375)
(5179,25.0)
(5180,40.625)
(5181,17.96875)
(5182,39.0625)
(5183,18.75)
(5184,38.28125)
(5185,10.15625)
(5186,28.90625)
(5187,28.90625)
(5188,37.5)
(5189,28.90625)
(5190,35.9375)
(5191,28.90625)
(5192,32.8125)
(5193,30.46875)
(5194,35.15625)
(5195,30.46875)
(5196,34.375)
(5197,36.71875)
(5198,29.6875)
(5199,39.84375)
(5200,31.25)
(5201,40.625)
(5202,32.03125)
(5203,46.09375)
(5204,30.46875)
(5205,41.40625)
(5206,41.40625)
(5207,30.46875)
(5208,37.5)
(5209,26.5625)
(5210,33.59375)
(5211,30.46875)
(5212,34.375)
(5213,31.25)
(5214,32.8125)
(5215,35.9375)
(5216,32.03125)
(5217,35.9375)
(5218,32.8125)
(5219,37.5)
(5220,39.84375)
(5221,22.65625)
(5222,33.59375)
(5223,39.84375)
(5224,20.3125)
(5225,39.0625)
(5226,35.15625)
(5227,39.84375)
(5228,21.875)
(5229,39.0625)
(5230,36.71875)
(5231,40.625)
(5232,20.3125)
(5233,39.84375)
(5234,38.28125)
(5235,36.71875)
(5236,39.84375)
(5237,38.28125)
(5238,39.0625)
(5239,37.5)
(5240,39.0625)
(5241,39.84375)
(5242,36.71875)
(5243,40.625)
(5244,38.28125)
(5245,39.0625)
(5246,38.28125)
(5247,40.625)
(5248,38.28125)
(5249,39.84375)
(5250,38.28125)
(5251,39.84375)
(5252,39.84375)
(5253,40.625)
(5254,39.0625)
(5255,41.40625)
(5256,41.40625)
(5257,39.0625)
(5258,41.40625)
(5259,38.28125)
(5260,41.40625)
(5261,39.0625)
(5262,42.1875)
(5263,38.28125)
(5264,41.40625)
(5265,40.625)
(5266,42.1875)
(5267,42.1875)
(5268,39.0625)
(5269,39.0625)
(5270,42.1875)
(5271,38.28125)
(5272,42.1875)
(5273,39.84375)
(5274,41.40625)
(5275,39.84375)
(5276,42.1875)
(5277,39.0625)
(5278,42.1875)
(5279,39.0625)
(5280,42.1875)
(5281,39.84375)
(5282,42.1875)
(5283,38.28125)
(5284,42.1875)
(5285,37.5)
(5286,42.1875)
(5287,39.0625)
(5288,41.40625)
(5289,38.28125)
(5290,41.40625)
(5291,37.5)
(5292,41.40625)
(5293,39.0625)
(5294,41.40625)
(5295,39.0625)
(5296,41.40625)
(5297,37.5)
(5298,41.40625)
(5299,37.5)
(5300,41.40625)
(5301,36.71875)
(5302,41.40625)
(5303,37.5)
(5304,41.40625)
(5305,37.5)
(5306,39.84375)
(5307,41.40625)
(5308,38.28125)
(5309,41.40625)
(5310,42.1875)
(5311,39.0625)
(5312,38.28125)
(5312,40.625)
(5313,40.625)
(5314,39.0625)
(5315,41.40625)
(5316,39.0625)
(5317,41.40625)
(5318,39.0625)
(5319,41.40625)
(5320,39.0625)
(5321,41.40625)
(5322,25.78125)
(5323,41.40625)
(5324,30.46875)
(5325,41.40625)
(5326,37.5)
(5327,42.1875)
(5328,35.9375)
(5329,41.40625)
(5330,35.9375)
(5331,42.1875)
(5332,35.9375)
(5333,42.1875)
(5334,36.71875)
(5335,41.40625)
(5336,35.9375)
(5337,41.40625)
(5338,36.71875)
(5339,42.1875)
(5340,34.375)
(5341,42.1875)
(5342,36.71875)
(5343,35.15625)
(5344,42.1875)
(5345,42.1875)
(5346,35.15625)
(5347,42.1875)
(5348,35.9375)
(5349,42.1875)
(5350,36.71875)
(5351,41.40625)
(5352,37.5)
(5353,42.96875)
(5354,24.21875)
(5355,42.1875)
(5356,28.90625)
(5357,35.9375)
(5358,43.75)
(5359,35.9375)
(5360,42.96875)
(5361,26.5625)
(5362,41.40625)
(5363,25.0)
(5364,40.625)
(5365,37.5)
(5366,41.40625)
(5367,35.15625)
(5368,40.625)
(5369,35.9375)
(5370,40.625)
(5371,36.71875)
(5372,41.40625)
(5373,26.5625)
(5374,41.40625)
(5375,37.5)
(5376,41.40625)
(5377,26.5625)
(5378,41.40625)
(5379,37.5)
(5380,42.1875)
(5381,31.25)
(5382,42.1875)
(5383,42.1875)
(5384,38.28125)
(5385,42.1875)
(5386,37.5)
(5387,42.1875)
(5388,38.28125)
(5389,42.1875)
(5390,38.28125)
(5391,42.1875)
(5392,38.28125)
(5393,42.96875)
(5394,38.28125)
(5395,42.1875)
(5396,38.28125)
(5397,42.96875)
(5398,38.28125)
(5399,42.1875)
(5400,39.0625)
(5401,42.1875)
(5402,38.28125)
(5403,41.40625)
(5404,38.28125)
(5405,39.84375)
(5406,38.28125)
(5407,42.96875)
(5408,37.5)
(5409,42.1875)
(5410,37.5)
(5411,42.96875)
(5412,37.5)
(5413,40.625)
(5414,37.5)
(5415,42.1875)
(5416,37.5)
(5417,36.71875)
(5418,42.1875)
(5419,37.5)
(5420,42.96875)
(5421,36.71875)
(5422,42.1875)
(5423,37.5)
(5424,42.96875)
(5425,36.71875)
(5426,42.96875)
(5427,33.59375)
(5428,42.96875)
(5429,35.9375)
(5430,43.75)
(5431,42.96875)
(5432,35.9375)
(5433,42.96875)
(5434,35.9375)
(5435,42.1875)
(5436,36.71875)
(5437,41.40625)
(5438,42.1875)
(5439,38.28125)
(5440,42.1875)
(5441,37.5)
(5442,42.1875)
(5443,37.5)
(5444,25.78125)
(5445,42.1875)
(5446,27.34375)
(5447,42.1875)
(5448,38.28125)
(5449,42.1875)
(5450,38.28125)
(5451,42.1875)
(5452,39.0625)
(5453,42.1875)
(5454,38.28125)
(5455,42.1875)
(5456,26.5625)
(5457,37.5)
(5458,42.1875)
(5459,38.28125)
(5460,42.1875)
(5461,37.5)
(5462,42.1875)
(5463,37.5)
(5464,42.1875)
(5465,42.96875)
(5466,37.5)
(5467,42.96875)
(5468,38.28125)
(5469,42.96875)
(5470,36.71875)
(5471,42.96875)
(5472,35.9375)
(5473,42.96875)
(5474,37.5)
(5475,43.75)
(5476,21.875)
(5477,37.5)
(5478,42.96875)
(5479,24.21875)
(5480,42.1875)
(5481,39.0625)
(5482,42.96875)
(5483,25.0)
(5484,37.5)
(5485,42.1875)
(5486,23.4375)
(5487,42.1875)
(5488,23.4375)
(5489,42.1875)
(5490,38.28125)
(5491,42.96875)
(5492,23.4375)
(5493,42.96875)
(5494,42.96875)
(5495,39.0625)
(5496,42.96875)
(5497,24.21875)
(5498,43.75)
(5499,38.28125)
(5500,42.96875)
(5501,24.21875)
(5502,37.5)
(5503,42.1875)
(5504,41.40625)
(5505,25.0)
(5506,36.71875)
(5507,42.1875)
(5508,42.1875)
(5509,24.21875)
(5510,42.1875)
(5511,37.5)
(5512,42.1875)
(5513,38.28125)
(5514,42.1875)
(5515,42.1875)
(5516,30.46875)
(5517,38.28125)
(5518,42.1875)
(5519,37.5)
(5520,42.1875)
(5521,37.5)
(5522,42.1875)
(5523,29.6875)
(5524,41.40625)
(5525,28.125)
(5526,41.40625)
(5527,23.4375)
(5528,28.90625)
(5529,41.40625)
(5530,41.40625)
(5531,25.0)
(5532,41.40625)
(5533,35.9375)
(5534,41.40625)
(5535,24.21875)
(5536,41.40625)
(5537,38.28125)
(5538,41.40625)
(5539,36.71875)
(5540,23.4375)
(5541,41.40625)
(5542,37.5)
(5543,41.40625)
(5544,24.21875)
(5545,41.40625)
(5546,37.5)
(5547,41.40625)
(5548,41.40625)
(5549,24.21875)
(5550,41.40625)
(5551,37.5)
(5552,41.40625)
(5553,23.4375)
(5554,41.40625)
(5555,36.71875)
(5556,41.40625)
(5557,38.28125)
(5558,41.40625)
(5559,24.21875)
(5560,41.40625)
(5561,35.9375)
(5562,41.40625)
(5563,36.71875)
(5564,41.40625)
(5565,35.9375)
(5566,41.40625)
(5567,24.21875)
(5568,41.40625)
(5569,35.9375)
(5570,41.40625)
(5571,41.40625)
(5572,35.15625)
(5573,41.40625)
(5574,35.9375)
(5575,41.40625)
(5576,25.0)
(5577,41.40625)
(5578,36.71875)
(5579,41.40625)
(5580,36.71875)
(5581,41.40625)
(5582,36.71875)
(5583,36.71875)
(5584,41.40625)
(5585,28.90625)
(5586,41.40625)
(5587,24.21875)
(5588,41.40625)
(5589,39.0625)
(5590,41.40625)
(5591,37.5)
(5592,41.40625)
(5593,37.5)
(5594,41.40625)
(5595,41.40625)
(5596,22.65625)
(5597,35.9375)
(5598,41.40625)
(5599,41.40625)
(5600,32.03125)
(5601,23.4375)
(5602,41.40625)
(5603,24.21875)
(5604,41.40625)
(5605,23.4375)
(5606,41.40625)
(5607,33.59375)
(5608,41.40625)
(5609,23.4375)
(5610,41.40625)
(5611,22.65625)
(5612,41.40625)
(5613,24.21875)
(5614,41.40625)
(5615,22.65625)
(5616,41.40625)
(5617,23.4375)
(5618,41.40625)
(5619,23.4375)
(5620,41.40625)
(5621,24.21875)
(5622,24.21875)
(5623,41.40625)
(5624,25.0)
(5625,41.40625)
(5626,41.40625)
(5627,25.0)
(5628,41.40625)
(5629,22.65625)
(5630,41.40625)
(5631,22.65625)
(5632,41.40625)
(5633,21.875)
(5634,41.40625)
(5635,22.65625)
(5636,41.40625)
(5637,21.875)
(5638,21.09375)
(5639,41.40625)
(5640,21.09375)
(5641,41.40625)
(5642,30.46875)
(5643,42.1875)
(5644,35.9375)
(5645,42.1875)
(5646,36.71875)
(5647,42.1875)
(5648,42.1875)
(5649,37.5)
(5650,42.1875)
(5651,37.5)
(5652,42.1875)
(5653,26.5625)
(5654,42.1875)
(5655,23.4375)
(5656,24.21875)
(5657,42.96875)
(5658,23.4375)
(5659,42.1875)
(5660,24.21875)
(5661,42.1875)
(5662,22.65625)
(5663,42.1875)
(5664,22.65625)
(5665,42.1875)
(5666,21.875)
(5667,42.1875)
(5668,25.0)
(5669,42.1875)
(5670,42.1875)
(5671,36.71875)
(5672,42.1875)
(5673,21.875)
(5674,42.1875)
(5675,21.875)
(5676,42.1875)
(5677,21.875)
(5678,42.1875)
(5679,22.65625)
(5680,42.96875)
(5681,22.65625)
(5682,37.5)
(5683,42.96875)
(5684,42.96875)
(5685,21.875)
(5686,42.1875)
(5687,21.875)
(5688,42.1875)
(5689,21.875)
(5690,22.65625)
(5691,42.1875)
(5692,42.1875)
(5693,21.875)
(5694,42.1875)
(5695,31.25)
(5696,42.1875)
(5697,42.1875)
(5698,21.09375)
(5699,20.3125)
(5700,42.1875)
(5701,24.21875)
(5702,42.1875)
(5703,37.5)
(5704,42.1875)
(5705,35.9375)
(5706,42.1875)
(5707,35.9375)
(5708,42.1875)
(5709,42.1875)
(5710,36.71875)
(5711,42.1875)
(5712,36.71875)
(5713,36.71875)
(5714,42.96875)
(5715,39.84375)
(5716,42.96875)
(5717,39.0625)
(5718,42.96875)
(5719,39.84375)
(5720,42.96875)
(5721,40.625)
(5722,42.96875)
(5723,39.0625)
(5724,42.96875)
(5725,39.84375)
(5726,42.96875)
(5727,42.96875)
(5728,38.28125)
(5729,42.96875)
(5730,38.28125)
(5731,42.1875)
(5732,27.34375)
(5733,37.5)
(5734,42.96875)
(5735,38.28125)
(5736,43.75)
(5737,35.9375)
(5738,42.96875)
(5739,36.71875)
(5740,43.75)
(5741,36.71875)
(5742,42.96875)
(5743,37.5)
(5744,42.96875)
(5745,42.1875)
(5746,36.71875)
(5747,42.1875)
(5748,36.71875)
(5749,42.96875)
(5750,38.28125)
(5751,42.1875)
(5752,36.71875)
(5753,42.96875)
(5754,38.28125)
(5755,42.1875)
(5756,28.90625)
(5757,39.0625)
(5758,42.1875)
(5759,23.4375)
(5760,42.1875)
(5761,23.4375)
(5762,41.40625)
(5763,23.4375)
(5764,42.1875)
(5765,21.875)
(5766,42.1875)
(5767,28.90625)
(5768,42.1875)
(5769,22.65625)
(5770,42.1875)
(5771,29.6875)
(5772,41.40625)
(5773,29.6875)
(5774,41.40625)
(5775,36.71875)
(5776,41.40625)
(5777,21.875)
(5778,22.65625)
(5779,42.1875)
(5780,37.5)
(5781,41.40625)
(5782,36.71875)
(5783,42.96875)
(5784,37.5)
(5785,41.40625)
(5786,38.28125)
(5787,41.40625)
(5788,42.1875)
(5789,38.28125)
(5790,42.1875)
(5791,42.1875)
(5792,37.5)
(5793,36.71875)
(5794,41.40625)
(5795,38.28125)
(5796,41.40625)
(5797,39.84375)
(5798,41.40625)
(5799,40.625)
(5800,39.84375)
(5801,40.625)
(5802,41.40625)
(5803,40.625)
(5804,25.0)
(5805,40.625)
(5806,39.0625)
(5807,41.40625)
(5808,35.9375)
(5809,40.625)
(5810,37.5)
(5811,40.625)
(5812,38.28125)
(5813,41.40625)
(5814,37.5)
(5815,41.40625)
(5816,37.5)
(5817,41.40625)
(5818,36.71875)
(5819,42.96875)
(5820,36.71875)
(5821,42.96875)
(5822,21.875)
(5823,44.53125)
(5824,37.5)
(5825,42.96875)
(5826,24.21875)
(5827,42.96875)
(5828,37.5)
(5829,42.96875)
(5830,22.65625)
(5831,42.1875)
(5832,35.9375)
(5833,42.1875)
(5834,35.9375)
(5835,43.75)
(5836,37.5)
(5837,42.1875)
(5838,36.71875)
(5839,42.1875)
(5840,36.71875)
(5841,42.1875)
(5842,36.71875)
(5843,42.1875)
(5844,22.65625)
(5845,42.1875)
(5846,36.71875)
(5847,40.625)
(5848,35.9375)
(5849,42.1875)
(5850,35.9375)
(5851,42.1875)
(5852,37.5)
(5853,42.96875)
(5854,21.875)
(5855,35.9375)
(5856,42.1875)
(5857,41.40625)
(5858,35.15625)
(5859,41.40625)
(5860,35.15625)
(5861,41.40625)
(5862,35.15625)
(5863,41.40625)
(5864,35.15625)
(5865,41.40625)
(5866,35.15625)
(5867,40.625)
(5868,42.1875)
(5869,21.875)
(5870,34.375)
(5871,40.625)
(5872,42.1875)
(5873,18.75)
(5874,27.34375)
(5875,42.1875)
(5876,28.90625)
(5877,42.1875)
(5878,28.125)
(5879,42.1875)
(5880,28.125)
(5881,42.1875)
(5882,7.8125)
(5883,26.5625)
(5884,25.78125)
(5885,42.1875)
(5886,25.0)
(5887,6.25)
(5888,42.96875)
(5889,7.8125)
(5890,12.5)
(5891,10.15625)
(5892,42.96875)
(5893,14.84375)
(5894,27.34375)
(5895,15.625)
(5896,11.71875)
(5897,42.96875)
(5898,10.9375)
(5899,25.78125)
(5900,26.5625)
(5901,42.96875)
(5902,22.65625)
(5903,17.96875)
(5904,17.1875)
(5905,42.96875)
(5906,41.40625)
(5907,41.40625)
(5908,42.1875)
(5909,42.1875)
(5910,42.1875)
(5911,42.1875)
(5912,42.1875)
(5913,44.53125)
(5914,44.53125)
(5915,41.40625)
(5916,40.625)
(5917,38.28125)
(5918,37.5)
(5919,35.15625)
(5920,35.9375)
(5921,35.9375)
(5922,32.03125)
(5923,35.15625)
(5924,39.0625)
(5925,39.0625)
(5926,34.375)
(5927,21.09375)
(5928,29.6875)
(5929,32.03125)
(5930,35.15625)
(5931,35.15625)
(5932,41.40625)
